[Model Info]
Model_name: Swin_lr1e-3
Model: SwinTransformer

[Model Training Configurations]
Dataset: Oxford_17
Loss function: CrossEntropyLoss
Optimizer: Adam
Learning rate: 0.001
Momentum: None
Epoches: 50
Batch size: 16

[Model Training Results]
Train loss log: [230.48531556129456, 204.06389021873474, 202.5816068649292, 202.5237238407135, 199.57890105247498, 200.40510439872742, 199.932785987854, 200.5031487941742, 198.6560924053192, 197.5101466178894, 196.88753414154053, 197.33168077468872, 197.06324100494385, 196.2583930492401, 196.47601532936096, 196.2603497505188, 195.37752103805542, 195.54708623886108, 194.82586812973022, 195.20574975013733, 195.21302604675293, 195.17492628097534, 194.9527838230133, 194.5436851978302, 194.38518285751343, 195.0332260131836, 194.38796854019165, 194.1562693119049, 194.1063268184662, 194.3221607208252, 194.43067598342896, 194.3845362663269, 194.0175542831421, 193.91518831253052, 193.99286460876465, 194.0768165588379, 194.0077805519104, 193.7942988872528, 193.74975633621216, 193.76869773864746, 194.00149369239807, 193.82052159309387, 193.4660918712616, 193.6043860912323, 193.41512179374695, 193.60165548324585, 193.52653121948242, 193.31087470054626, 193.49426794052124, 193.39783239364624]
Train accuracy log: [0.051470588235294115, 0.06066176470588235, 0.05606617647058824, 0.05514705882352941, 0.04871323529411765, 0.05698529411764706, 0.05330882352941176, 0.05606617647058824, 0.05606617647058824, 0.050551470588235295, 0.050551470588235295, 0.05330882352941176, 0.05698529411764706, 0.051470588235294115, 0.050551470588235295, 0.050551470588235295, 0.04871323529411765, 0.04595588235294118, 0.04871323529411765, 0.06158088235294118, 0.04963235294117647, 0.04779411764705882, 0.04963235294117647, 0.051470588235294115, 0.04871323529411765, 0.050551470588235295, 0.05974264705882353, 0.07077205882352941, 0.04595588235294118, 0.04871323529411765, 0.04779411764705882, 0.06066176470588235, 0.05698529411764706, 0.050551470588235295, 0.05330882352941176, 0.05698529411764706, 0.05514705882352941, 0.050551470588235295, 0.051470588235294115, 0.05238970588235294, 0.04595588235294118, 0.051470588235294115, 0.04871323529411765, 0.04595588235294118, 0.046875, 0.04503676470588235, 0.046875, 0.05974264705882353, 0.04136029411764706, 0.05514705882352941]
Train accuracy 5 log: [0.28768382352941174, 0.2931985294117647, 0.26378676470588236, 0.28308823529411764, 0.2757352941176471, 0.3023897058823529, 0.27389705882352944, 0.28400735294117646, 0.29963235294117646, 0.2702205882352941, 0.2766544117647059, 0.27205882352941174, 0.28308823529411764, 0.2913602941176471, 0.2867647058823529, 0.27941176470588236, 0.2766544117647059, 0.26286764705882354, 0.27297794117647056, 0.28860294117647056, 0.29871323529411764, 0.2545955882352941, 0.25735294117647056, 0.25275735294117646, 0.2766544117647059, 0.27205882352941174, 0.2647058823529412, 0.2803308823529412, 0.2417279411764706, 0.26746323529411764, 0.26378676470588236, 0.27389705882352944, 0.27205882352941174, 0.30514705882352944, 0.25919117647058826, 0.28400735294117646, 0.25275735294117646, 0.2775735294117647, 0.28125, 0.27849264705882354, 0.2555147058823529, 0.27481617647058826, 0.2711397058823529, 0.29044117647058826, 0.2766544117647059, 0.2647058823529412, 0.2509191176470588, 0.2867647058823529, 0.28768382352941174, 0.26286764705882354]
Val accuracy log: [0.058823529411764705, 0.058823529411764705, 0.058823529411764705, 0.058823529411764705, 0.058823529411764705, 0.058823529411764705, 0.058823529411764705, 0.058823529411764705, 0.058823529411764705, 0.058823529411764705, 0.058823529411764705, 0.058823529411764705, 0.058823529411764705, 0.058823529411764705, 0.058823529411764705, 0.058823529411764705, 0.058823529411764705, 0.058823529411764705, 0.058823529411764705, 0.058823529411764705, 0.058823529411764705, 0.058823529411764705, 0.058823529411764705, 0.058823529411764705, 0.058823529411764705, 0.058823529411764705, 0.058823529411764705, 0.058823529411764705, 0.058823529411764705, 0.058823529411764705, 0.058823529411764705, 0.058823529411764705, 0.058823529411764705, 0.058823529411764705, 0.058823529411764705, 0.058823529411764705, 0.058823529411764705, 0.058823529411764705, 0.058823529411764705, 0.058823529411764705, 0.058823529411764705, 0.058823529411764705, 0.058823529411764705, 0.058823529411764705, 0.058823529411764705, 0.058823529411764705, 0.058823529411764705, 0.058823529411764705, 0.058823529411764705, 0.058823529411764705]
Val accuracy 5 log: [0.29411764705882354, 0.29411764705882354, 0.29411764705882354, 0.29411764705882354, 0.29411764705882354, 0.29411764705882354, 0.29411764705882354, 0.29411764705882354, 0.29411764705882354, 0.29411764705882354, 0.29411764705882354, 0.29411764705882354, 0.29411764705882354, 0.29411764705882354, 0.29411764705882354, 0.29411764705882354, 0.29411764705882354, 0.29411764705882354, 0.29411764705882354, 0.29411764705882354, 0.29411764705882354, 0.29411764705882354, 0.29411764705882354, 0.29411764705882354, 0.29411764705882354, 0.29411764705882354, 0.29411764705882354, 0.29411764705882354, 0.29411764705882354, 0.29411764705882354, 0.29411764705882354, 0.29411764705882354, 0.29411764705882354, 0.29411764705882354, 0.29411764705882354, 0.29411764705882354, 0.29411764705882354, 0.29411764705882354, 0.29411764705882354, 0.29411764705882354, 0.29411764705882354, 0.29411764705882354, 0.29411764705882354, 0.29411764705882354, 0.29411764705882354, 0.29411764705882354, 0.29411764705882354, 0.29411764705882354, 0.29411764705882354, 0.29411764705882354]
Train time (s): 1182.01
Time per epoch (s): 23.64
Model train predictions: [tensor([13, 12, 12,  ..., 10, 10, 10], device='cuda:0'), tensor([10,  1, 10,  ...,  9,  9,  9], device='cuda:0'), tensor([13,  9,  9,  ..., 10, 10, 10], device='cuda:0'), tensor([ 9, 10, 10,  ...,  5,  5,  5], device='cuda:0'), tensor([5, 5, 5,  ..., 2, 2, 2], device='cuda:0'), tensor([2, 2, 2,  ..., 6, 6, 6], device='cuda:0'), tensor([6, 6, 6,  ..., 2, 6, 2], device='cuda:0'), tensor([ 2,  2,  9,  ..., 13, 13, 13], device='cuda:0'), tensor([13, 13, 13,  ..., 15, 15, 15], device='cuda:0'), tensor([15, 15, 15,  ...,  3,  3,  3], device='cuda:0'), tensor([ 3, 12,  3,  ..., 13, 13, 11], device='cuda:0'), tensor([13, 13, 13,  ..., 16, 16, 16], device='cuda:0'), tensor([16, 16, 16,  ...,  5,  5, 12], device='cuda:0'), tensor([12, 12, 12,  ...,  5,  9,  9], device='cuda:0'), tensor([ 5,  9, 14,  ...,  0, 10,  0], device='cuda:0'), tensor([9, 0, 0,  ..., 0, 0, 0], device='cuda:0'), tensor([ 0,  0,  0,  ..., 16, 16, 16], device='cuda:0'), tensor([ 3,  5,  5,  ..., 16, 16, 16], device='cuda:0'), tensor([ 8,  8,  8,  ..., 16, 16, 16], device='cuda:0'), tensor([16, 16, 16,  ...,  1,  1,  1], device='cuda:0'), tensor([1, 1, 1,  ..., 2, 2, 2], device='cuda:0'), tensor([2, 2, 2,  ..., 9, 9, 9], device='cuda:0'), tensor([9, 9, 9,  ..., 4, 4, 4], device='cuda:0'), tensor([4, 4, 8,  ..., 9, 9, 9], device='cuda:0'), tensor([7, 9, 9,  ..., 8, 0, 0], device='cuda:0'), tensor([ 0,  8,  0,  ..., 11,  0, 11], device='cuda:0'), tensor([ 0, 11,  0,  ...,  0,  0,  0], device='cuda:0'), tensor([0, 0, 0,  ..., 7, 7, 7], device='cuda:0'), tensor([7, 7, 7,  ..., 0, 0, 0], device='cuda:0'), tensor([12, 12, 12,  ...,  8,  8,  8], device='cuda:0'), tensor([8, 8, 8,  ..., 7, 7, 7], device='cuda:0'), tensor([ 7,  7,  7,  ..., 12, 12, 12], device='cuda:0'), tensor([12, 12, 12,  ..., 14, 14, 14], device='cuda:0'), tensor([14, 14, 14,  ..., 14, 14, 14], device='cuda:0'), tensor([14, 14, 14,  ...,  5,  4,  1], device='cuda:0'), tensor([ 1,  1,  1,  ..., 10, 10, 10], device='cuda:0'), tensor([10, 10, 10,  ..., 16, 10, 10], device='cuda:0'), tensor([10,  7, 16,  ...,  3,  3,  3], device='cuda:0'), tensor([3, 3, 3,  ..., 4, 4, 8], device='cuda:0'), tensor([4, 4, 8,  ..., 3, 3, 3], device='cuda:0'), tensor([ 3, 14,  3,  ..., 13, 13,  2], device='cuda:0'), tensor([13, 13, 14,  ..., 13, 13, 13], device='cuda:0'), tensor([13, 13, 13,  ..., 13, 13,  6], device='cuda:0'), tensor([13, 13, 13,  ...,  1,  1,  1], device='cuda:0'), tensor([ 1,  1,  1,  ..., 14, 14,  2], device='cuda:0'), tensor([14, 14, 14,  ..., 14, 14,  6], device='cuda:0'), tensor([14, 14,  6,  ...,  3,  3,  3], device='cuda:0'), tensor([ 3,  3,  3,  ..., 15, 15, 15], device='cuda:0'), tensor([15, 15, 15,  ...,  9,  9,  9], device='cuda:0'), tensor([14,  9,  9,  ...,  9,  9,  9], device='cuda:0')]
Model train labels: [tensor([16,  0,  1,  ..., 15,  4, 10], device='cuda:0'), tensor([12, 11,  4,  ..., 16,  3,  8], device='cuda:0'), tensor([ 6,  0, 10,  ...,  6, 15, 11], device='cuda:0'), tensor([ 4,  2, 15,  ...,  3,  7, 11], device='cuda:0'), tensor([ 1,  5,  6,  ...,  1, 14, 12], device='cuda:0'), tensor([16, 16,  0,  ...,  9, 14, 10], device='cuda:0'), tensor([ 2, 12, 16,  ...,  3, 13,  3], device='cuda:0'), tensor([10, 10,  6,  ..., 10,  0,  1], device='cuda:0'), tensor([ 7,  1, 11,  ..., 12, 14,  7], device='cuda:0'), tensor([16,  1,  8,  ..., 10,  1, 16], device='cuda:0'), tensor([16,  0,  4,  ..., 15, 12, 14], device='cuda:0'), tensor([ 6,  0, 16,  ...,  2,  7,  2], device='cuda:0'), tensor([ 0,  7, 14,  ..., 14,  8, 11], device='cuda:0'), tensor([12,  4,  6,  ...,  4, 11, 10], device='cuda:0'), tensor([10, 14, 16,  ..., 15,  7,  5], device='cuda:0'), tensor([ 7,  5, 13,  ...,  4,  4,  4], device='cuda:0'), tensor([10,  8,  6,  ..., 10, 16,  3], device='cuda:0'), tensor([16,  3, 14,  ..., 14, 11,  3], device='cuda:0'), tensor([ 2, 14, 13,  ..., 12, 10, 11], device='cuda:0'), tensor([ 1, 16, 10,  ..., 12, 14, 11], device='cuda:0'), tensor([10, 11, 11,  ...,  4, 13, 15], device='cuda:0'), tensor([16, 16,  1,  ...,  3,  6,  9], device='cuda:0'), tensor([ 2, 15,  7,  ..., 15, 12, 15], device='cuda:0'), tensor([15, 14, 12,  ..., 11,  1, 10], device='cuda:0'), tensor([13,  7, 12,  ..., 10,  2, 13], device='cuda:0'), tensor([ 2, 14,  2,  ...,  7,  0,  9], device='cuda:0'), tensor([16,  2,  4,  ..., 14,  7, 15], device='cuda:0'), tensor([ 5,  1,  5,  ..., 11,  3,  3], device='cuda:0'), tensor([ 5, 15, 12,  ...,  4,  1,  3], device='cuda:0'), tensor([8, 4, 2,  ..., 0, 6, 8], device='cuda:0'), tensor([11,  8, 15,  ..., 11, 16,  8], device='cuda:0'), tensor([ 3,  7,  7,  ..., 11,  0, 13], device='cuda:0'), tensor([16, 16,  3,  ...,  1, 15,  0], device='cuda:0'), tensor([ 4,  7, 15,  ...,  8, 16,  7], device='cuda:0'), tensor([ 2, 12,  3,  ...,  5,  4,  2], device='cuda:0'), tensor([14,  5, 13,  ...,  4,  1,  6], device='cuda:0'), tensor([ 2, 13,  3,  ...,  5, 11, 14], device='cuda:0'), tensor([16,  7,  2,  ...,  3,  3,  7], device='cuda:0'), tensor([16, 15,  0,  ..., 16,  6, 15], device='cuda:0'), tensor([16,  7,  9,  ...,  4, 12, 10], device='cuda:0'), tensor([2, 4, 5,  ..., 9, 7, 3], device='cuda:0'), tensor([16, 15, 11,  ...,  5,  8,  8], device='cuda:0'), tensor([ 4, 14,  1,  ...,  8, 15,  9], device='cuda:0'), tensor([12,  9, 14,  ...,  1,  8,  0], device='cuda:0'), tensor([ 0, 15,  1,  ...,  9, 12, 16], device='cuda:0'), tensor([16, 12,  4,  ...,  3, 14,  4], device='cuda:0'), tensor([ 8,  3,  5,  ...,  7, 14,  8], device='cuda:0'), tensor([11,  4, 10,  ...,  8, 10,  5], device='cuda:0'), tensor([ 6,  9,  7,  ..., 16, 14, 16], device='cuda:0'), tensor([16,  3, 13,  ...,  1, 14,  9], device='cuda:0')]
Model val predictions: [tensor([1, 1, 1, 1, 1, 1, 1, 1, 1, 1, 1, 1, 1, 1, 1, 1, 1, 1, 1, 1, 1, 1, 1, 1,
        1, 1, 1, 1, 1, 1, 1, 1, 1, 1, 1, 1, 1, 1, 1, 1, 1, 1, 1, 1, 1, 1, 1, 1,
        1, 1, 1, 1, 1, 1, 1, 1, 1, 1, 1, 1, 1, 1, 1, 1, 1, 1, 1, 1, 1, 1, 1, 1,
        1, 1, 1, 1, 1, 1, 1, 1, 1, 1, 1, 1, 1, 1, 1, 1, 1, 1, 1, 1, 1, 1, 1, 1,
        1, 1, 1, 1, 1, 1, 1, 1, 1, 1, 1, 1, 1, 1, 1, 1, 1, 1, 1, 1, 1, 1, 1, 1,
        1, 1, 1, 1, 1, 1, 1, 1, 1, 1, 1, 1, 1, 1, 1, 1], device='cuda:0'), tensor([9, 9, 9, 9, 9, 9, 9, 9, 9, 9, 9, 9, 9, 9, 9, 9, 9, 9, 9, 9, 9, 9, 9, 9,
        9, 9, 9, 9, 9, 9, 9, 9, 9, 9, 9, 9, 9, 9, 9, 9, 9, 9, 9, 9, 9, 9, 9, 9,
        9, 9, 9, 9, 9, 9, 9, 9, 9, 9, 9, 9, 9, 9, 9, 9, 9, 9, 9, 9, 9, 9, 9, 9,
        9, 9, 9, 9, 9, 9, 9, 9, 9, 9, 9, 9, 9, 9, 9, 9, 9, 9, 9, 9, 9, 9, 9, 9,
        9, 9, 9, 9, 9, 9, 9, 9, 9, 9, 9, 9, 9, 9, 9, 9, 9, 9, 9, 9, 9, 9, 9, 9,
        9, 9, 9, 9, 9, 9, 9, 9, 9, 9, 9, 9, 9, 9, 9, 9], device='cuda:0'), tensor([10, 10, 10, 10, 10, 10, 10, 10, 10, 10, 10, 10, 10, 10, 10, 10, 10, 10,
        10, 10, 10, 10, 10, 10, 10, 10, 10, 10, 10, 10, 10, 10, 10, 10, 10, 10,
        10, 10, 10, 10, 10, 10, 10, 10, 10, 10, 10, 10, 10, 10, 10, 10, 10, 10,
        10, 10, 10, 10, 10, 10, 10, 10, 10, 10, 10, 10, 10, 10, 10, 10, 10, 10,
        10, 10, 10, 10, 10, 10, 10, 10, 10, 10, 10, 10, 10, 10, 10, 10, 10, 10,
        10, 10, 10, 10, 10, 10, 10, 10, 10, 10, 10, 10, 10, 10, 10, 10, 10, 10,
        10, 10, 10, 10, 10, 10, 10, 10, 10, 10, 10, 10, 10, 10, 10, 10, 10, 10,
        10, 10, 10, 10, 10, 10, 10, 10, 10, 10], device='cuda:0'), tensor([5, 5, 5, 5, 5, 5, 5, 5, 5, 5, 5, 5, 5, 5, 5, 5, 5, 5, 5, 5, 5, 5, 5, 5,
        5, 5, 5, 5, 5, 5, 5, 5, 5, 5, 5, 5, 5, 5, 5, 5, 5, 5, 5, 5, 5, 5, 5, 5,
        5, 5, 5, 5, 5, 5, 5, 5, 5, 5, 5, 5, 5, 5, 5, 5, 5, 5, 5, 5, 5, 5, 5, 5,
        5, 5, 5, 5, 5, 5, 5, 5, 5, 5, 5, 5, 5, 5, 5, 5, 5, 5, 5, 5, 5, 5, 5, 5,
        5, 5, 5, 5, 5, 5, 5, 5, 5, 5, 5, 5, 5, 5, 5, 5, 5, 5, 5, 5, 5, 5, 5, 5,
        5, 5, 5, 5, 5, 5, 5, 5, 5, 5, 5, 5, 5, 5, 5, 5], device='cuda:0'), tensor([2, 2, 2, 2, 2, 2, 2, 2, 2, 2, 2, 2, 2, 2, 2, 2, 2, 2, 2, 2, 2, 2, 2, 2,
        2, 2, 2, 2, 2, 2, 2, 2, 2, 2, 2, 2, 2, 2, 2, 2, 2, 2, 2, 2, 2, 2, 2, 2,
        2, 2, 2, 2, 2, 2, 2, 2, 2, 2, 2, 2, 2, 2, 2, 2, 2, 2, 2, 2, 2, 2, 2, 2,
        2, 2, 2, 2, 2, 2, 2, 2, 2, 2, 2, 2, 2, 2, 2, 2, 2, 2, 2, 2, 2, 2, 2, 2,
        2, 2, 2, 2, 2, 2, 2, 2, 2, 2, 2, 2, 2, 2, 2, 2, 2, 2, 2, 2, 2, 2, 2, 2,
        2, 2, 2, 2, 2, 2, 2, 2, 2, 2, 2, 2, 2, 2, 2, 2], device='cuda:0'), tensor([6, 6, 6, 6, 6, 6, 6, 6, 6, 6, 6, 6, 6, 6, 6, 6, 6, 6, 6, 6, 6, 6, 6, 6,
        6, 6, 6, 6, 6, 6, 6, 6, 6, 6, 6, 6, 6, 6, 6, 6, 6, 6, 6, 6, 6, 6, 6, 6,
        6, 6, 6, 6, 6, 6, 6, 6, 6, 6, 6, 6, 6, 6, 6, 6, 6, 6, 6, 6, 6, 6, 6, 6,
        6, 6, 6, 6, 6, 6, 6, 6, 6, 6, 6, 6, 6, 6, 6, 6, 6, 6, 6, 6, 6, 6, 6, 6,
        6, 6, 6, 6, 6, 6, 6, 6, 6, 6, 6, 6, 6, 6, 6, 6, 6, 6, 6, 6, 6, 6, 6, 6,
        6, 6, 6, 6, 6, 6, 6, 6, 6, 6, 6, 6, 6, 6, 6, 6], device='cuda:0'), tensor([2, 2, 2, 2, 2, 2, 2, 2, 2, 2, 2, 2, 2, 2, 2, 2, 2, 2, 2, 2, 2, 2, 2, 2,
        2, 2, 2, 2, 2, 2, 2, 2, 2, 2, 2, 2, 2, 2, 2, 2, 2, 2, 2, 2, 2, 2, 2, 2,
        2, 2, 2, 2, 2, 2, 2, 2, 2, 2, 2, 2, 2, 2, 2, 2, 2, 2, 2, 2, 2, 2, 2, 2,
        2, 2, 2, 2, 2, 2, 2, 2, 2, 2, 2, 2, 2, 2, 2, 2, 2, 2, 2, 2, 2, 2, 2, 2,
        2, 2, 2, 2, 2, 2, 2, 2, 2, 2, 2, 2, 2, 2, 2, 2, 2, 2, 2, 2, 2, 2, 2, 2,
        2, 2, 2, 2, 2, 2, 2, 2, 2, 2, 2, 2, 2, 2, 2, 2], device='cuda:0'), tensor([13, 13, 13, 13, 13, 13, 13, 13, 13, 13, 13, 13, 13, 13, 13, 13, 13, 13,
        13, 13, 13, 13, 13, 13, 13, 13, 13, 13, 13, 13, 13, 13, 13, 13, 13, 13,
        13, 13, 13, 13, 13, 13, 13, 13, 13, 13, 13, 13, 13, 13, 13, 13, 13, 13,
        13, 13, 13, 13, 13, 13, 13, 13, 13, 13, 13, 13, 13, 13, 13, 13, 13, 13,
        13, 13, 13, 13, 13, 13, 13, 13, 13, 13, 13, 13, 13, 13, 13, 13, 13, 13,
        13, 13, 13, 13, 13, 13, 13, 13, 13, 13, 13, 13, 13, 13, 13, 13, 13, 13,
        13, 13, 13, 13, 13, 13, 13, 13, 13, 13, 13, 13, 13, 13, 13, 13, 13, 13,
        13, 13, 13, 13, 13, 13, 13, 13, 13, 13], device='cuda:0'), tensor([15, 15, 15, 15, 15, 15, 15, 15, 15, 15, 15, 15, 15, 15, 15, 15, 15, 15,
        15, 15, 15, 15, 15, 15, 15, 15, 15, 15, 15, 15, 15, 15, 15, 15, 15, 15,
        15, 15, 15, 15, 15, 15, 15, 15, 15, 15, 15, 15, 15, 15, 15, 15, 15, 15,
        15, 15, 15, 15, 15, 15, 15, 15, 15, 15, 15, 15, 15, 15, 15, 15, 15, 15,
        15, 15, 15, 15, 15, 15, 15, 15, 15, 15, 15, 15, 15, 15, 15, 15, 15, 15,
        15, 15, 15, 15, 15, 15, 15, 15, 15, 15, 15, 15, 15, 15, 15, 15, 15, 15,
        15, 15, 15, 15, 15, 15, 15, 15, 15, 15, 15, 15, 15, 15, 15, 15, 15, 15,
        15, 15, 15, 15, 15, 15, 15, 15, 15, 15], device='cuda:0'), tensor([3, 3, 3, 3, 3, 3, 3, 3, 3, 3, 3, 3, 3, 3, 3, 3, 3, 3, 3, 3, 3, 3, 3, 3,
        3, 3, 3, 3, 3, 3, 3, 3, 3, 3, 3, 3, 3, 3, 3, 3, 3, 3, 3, 3, 3, 3, 3, 3,
        3, 3, 3, 3, 3, 3, 3, 3, 3, 3, 3, 3, 3, 3, 3, 3, 3, 3, 3, 3, 3, 3, 3, 3,
        3, 3, 3, 3, 3, 3, 3, 3, 3, 3, 3, 3, 3, 3, 3, 3, 3, 3, 3, 3, 3, 3, 3, 3,
        3, 3, 3, 3, 3, 3, 3, 3, 3, 3, 3, 3, 3, 3, 3, 3, 3, 3, 3, 3, 3, 3, 3, 3,
        3, 3, 3, 3, 3, 3, 3, 3, 3, 3, 3, 3, 3, 3, 3, 3], device='cuda:0'), tensor([13, 13, 13, 13, 13, 13, 13, 13, 13, 13, 13, 13, 13, 13, 13, 13, 13, 13,
        13, 13, 13, 13, 13, 13, 13, 13, 13, 13, 13, 13, 13, 13, 13, 13, 13, 13,
        13, 13, 13, 13, 13, 13, 13, 13, 13, 13, 13, 13, 13, 13, 13, 13, 13, 13,
        13, 13, 13, 13, 13, 13, 13, 13, 13, 13, 13, 13, 13, 13, 13, 13, 13, 13,
        13, 13, 13, 13, 13, 13, 13, 13, 13, 13, 13, 13, 13, 13, 13, 13, 13, 13,
        13, 13, 13, 13, 13, 13, 13, 13, 13, 13, 13, 13, 13, 13, 13, 13, 13, 13,
        13, 13, 13, 13, 13, 13, 13, 13, 13, 13, 13, 13, 13, 13, 13, 13, 13, 13,
        13, 13, 13, 13, 13, 13, 13, 13, 13, 13], device='cuda:0'), tensor([16, 16, 16, 16, 16, 16, 16, 16, 16, 16, 16, 16, 16, 16, 16, 16, 16, 16,
        16, 16, 16, 16, 16, 16, 16, 16, 16, 16, 16, 16, 16, 16, 16, 16, 16, 16,
        16, 16, 16, 16, 16, 16, 16, 16, 16, 16, 16, 16, 16, 16, 16, 16, 16, 16,
        16, 16, 16, 16, 16, 16, 16, 16, 16, 16, 16, 16, 16, 16, 16, 16, 16, 16,
        16, 16, 16, 16, 16, 16, 16, 16, 16, 16, 16, 16, 16, 16, 16, 16, 16, 16,
        16, 16, 16, 16, 16, 16, 16, 16, 16, 16, 16, 16, 16, 16, 16, 16, 16, 16,
        16, 16, 16, 16, 16, 16, 16, 16, 16, 16, 16, 16, 16, 16, 16, 16, 16, 16,
        16, 16, 16, 16, 16, 16, 16, 16, 16, 16], device='cuda:0'), tensor([12, 12, 12, 12, 12, 12, 12, 12, 12, 12, 12, 12, 12, 12, 12, 12, 12, 12,
        12, 12, 12, 12, 12, 12, 12, 12, 12, 12, 12, 12, 12, 12, 12, 12, 12, 12,
        12, 12, 12, 12, 12, 12, 12, 12, 12, 12, 12, 12, 12, 12, 12, 12, 12, 12,
        12, 12, 12, 12, 12, 12, 12, 12, 12, 12, 12, 12, 12, 12, 12, 12, 12, 12,
        12, 12, 12, 12, 12, 12, 12, 12, 12, 12, 12, 12, 12, 12, 12, 12, 12, 12,
        12, 12, 12, 12, 12, 12, 12, 12, 12, 12, 12, 12, 12, 12, 12, 12, 12, 12,
        12, 12, 12, 12, 12, 12, 12, 12, 12, 12, 12, 12, 12, 12, 12, 12, 12, 12,
        12, 12, 12, 12, 12, 12, 12, 12, 12, 12], device='cuda:0'), tensor([9, 9, 9, 9, 9, 9, 9, 9, 9, 9, 9, 9, 9, 9, 9, 9, 9, 9, 9, 9, 9, 9, 9, 9,
        9, 9, 9, 9, 9, 9, 9, 9, 9, 9, 9, 9, 9, 9, 9, 9, 9, 9, 9, 9, 9, 9, 9, 9,
        9, 9, 9, 9, 9, 9, 9, 9, 9, 9, 9, 9, 9, 9, 9, 9, 9, 9, 9, 9, 9, 9, 9, 9,
        9, 9, 9, 9, 9, 9, 9, 9, 9, 9, 9, 9, 9, 9, 9, 9, 9, 9, 9, 9, 9, 9, 9, 9,
        9, 9, 9, 9, 9, 9, 9, 9, 9, 9, 9, 9, 9, 9, 9, 9, 9, 9, 9, 9, 9, 9, 9, 9,
        9, 9, 9, 9, 9, 9, 9, 9, 9, 9, 9, 9, 9, 9, 9, 9], device='cuda:0'), tensor([0, 0, 0, 0, 0, 0, 0, 0, 0, 0, 0, 0, 0, 0, 0, 0, 0, 0, 0, 0, 0, 0, 0, 0,
        0, 0, 0, 0, 0, 0, 0, 0, 0, 0, 0, 0, 0, 0, 0, 0, 0, 0, 0, 0, 0, 0, 0, 0,
        0, 0, 0, 0, 0, 0, 0, 0, 0, 0, 0, 0, 0, 0, 0, 0, 0, 0, 0, 0, 0, 0, 0, 0,
        0, 0, 0, 0, 0, 0, 0, 0, 0, 0, 0, 0, 0, 0, 0, 0, 0, 0, 0, 0, 0, 0, 0, 0,
        0, 0, 0, 0, 0, 0, 0, 0, 0, 0, 0, 0, 0, 0, 0, 0, 0, 0, 0, 0, 0, 0, 0, 0,
        0, 0, 0, 0, 0, 0, 0, 0, 0, 0, 0, 0, 0, 0, 0, 0], device='cuda:0'), tensor([0, 0, 0, 0, 0, 0, 0, 0, 0, 0, 0, 0, 0, 0, 0, 0, 0, 0, 0, 0, 0, 0, 0, 0,
        0, 0, 0, 0, 0, 0, 0, 0, 0, 0, 0, 0, 0, 0, 0, 0, 0, 0, 0, 0, 0, 0, 0, 0,
        0, 0, 0, 0, 0, 0, 0, 0, 0, 0, 0, 0, 0, 0, 0, 0, 0, 0, 0, 0, 0, 0, 0, 0,
        0, 0, 0, 0, 0, 0, 0, 0, 0, 0, 0, 0, 0, 0, 0, 0, 0, 0, 0, 0, 0, 0, 0, 0,
        0, 0, 0, 0, 0, 0, 0, 0, 0, 0, 0, 0, 0, 0, 0, 0, 0, 0, 0, 0, 0, 0, 0, 0,
        0, 0, 0, 0, 0, 0, 0, 0, 0, 0, 0, 0, 0, 0, 0, 0], device='cuda:0'), tensor([5, 5, 5, 5, 5, 5, 5, 5, 5, 5, 5, 5, 5, 5, 5, 5, 5, 5, 5, 5, 5, 5, 5, 5,
        5, 5, 5, 5, 5, 5, 5, 5, 5, 5, 5, 5, 5, 5, 5, 5, 5, 5, 5, 5, 5, 5, 5, 5,
        5, 5, 5, 5, 5, 5, 5, 5, 5, 5, 5, 5, 5, 5, 5, 5, 5, 5, 5, 5, 5, 5, 5, 5,
        5, 5, 5, 5, 5, 5, 5, 5, 5, 5, 5, 5, 5, 5, 5, 5, 5, 5, 5, 5, 5, 5, 5, 5,
        5, 5, 5, 5, 5, 5, 5, 5, 5, 5, 5, 5, 5, 5, 5, 5, 5, 5, 5, 5, 5, 5, 5, 5,
        5, 5, 5, 5, 5, 5, 5, 5, 5, 5, 5, 5, 5, 5, 5, 5], device='cuda:0'), tensor([8, 8, 8, 8, 8, 8, 8, 8, 8, 8, 8, 8, 8, 8, 8, 8, 8, 8, 8, 8, 8, 8, 8, 8,
        8, 8, 8, 8, 8, 8, 8, 8, 8, 8, 8, 8, 8, 8, 8, 8, 8, 8, 8, 8, 8, 8, 8, 8,
        8, 8, 8, 8, 8, 8, 8, 8, 8, 8, 8, 8, 8, 8, 8, 8, 8, 8, 8, 8, 8, 8, 8, 8,
        8, 8, 8, 8, 8, 8, 8, 8, 8, 8, 8, 8, 8, 8, 8, 8, 8, 8, 8, 8, 8, 8, 8, 8,
        8, 8, 8, 8, 8, 8, 8, 8, 8, 8, 8, 8, 8, 8, 8, 8, 8, 8, 8, 8, 8, 8, 8, 8,
        8, 8, 8, 8, 8, 8, 8, 8, 8, 8, 8, 8, 8, 8, 8, 8], device='cuda:0'), tensor([16, 16, 16, 16, 16, 16, 16, 16, 16, 16, 16, 16, 16, 16, 16, 16, 16, 16,
        16, 16, 16, 16, 16, 16, 16, 16, 16, 16, 16, 16, 16, 16, 16, 16, 16, 16,
        16, 16, 16, 16, 16, 16, 16, 16, 16, 16, 16, 16, 16, 16, 16, 16, 16, 16,
        16, 16, 16, 16, 16, 16, 16, 16, 16, 16, 16, 16, 16, 16, 16, 16, 16, 16,
        16, 16, 16, 16, 16, 16, 16, 16, 16, 16, 16, 16, 16, 16, 16, 16, 16, 16,
        16, 16, 16, 16, 16, 16, 16, 16, 16, 16, 16, 16, 16, 16, 16, 16, 16, 16,
        16, 16, 16, 16, 16, 16, 16, 16, 16, 16, 16, 16, 16, 16, 16, 16, 16, 16,
        16, 16, 16, 16, 16, 16, 16, 16, 16, 16], device='cuda:0'), tensor([1, 1, 1, 1, 1, 1, 1, 1, 1, 1, 1, 1, 1, 1, 1, 1, 1, 1, 1, 1, 1, 1, 1, 1,
        1, 1, 1, 1, 1, 1, 1, 1, 1, 1, 1, 1, 1, 1, 1, 1, 1, 1, 1, 1, 1, 1, 1, 1,
        1, 1, 1, 1, 1, 1, 1, 1, 1, 1, 1, 1, 1, 1, 1, 1, 1, 1, 1, 1, 1, 1, 1, 1,
        1, 1, 1, 1, 1, 1, 1, 1, 1, 1, 1, 1, 1, 1, 1, 1, 1, 1, 1, 1, 1, 1, 1, 1,
        1, 1, 1, 1, 1, 1, 1, 1, 1, 1, 1, 1, 1, 1, 1, 1, 1, 1, 1, 1, 1, 1, 1, 1,
        1, 1, 1, 1, 1, 1, 1, 1, 1, 1, 1, 1, 1, 1, 1, 1], device='cuda:0'), tensor([2, 2, 2, 2, 2, 2, 2, 2, 2, 2, 2, 2, 2, 2, 2, 2, 2, 2, 2, 2, 2, 2, 2, 2,
        2, 2, 2, 2, 2, 2, 2, 2, 2, 2, 2, 2, 2, 2, 2, 2, 2, 2, 2, 2, 2, 2, 2, 2,
        2, 2, 2, 2, 2, 2, 2, 2, 2, 2, 2, 2, 2, 2, 2, 2, 2, 2, 2, 2, 2, 2, 2, 2,
        2, 2, 2, 2, 2, 2, 2, 2, 2, 2, 2, 2, 2, 2, 2, 2, 2, 2, 2, 2, 2, 2, 2, 2,
        2, 2, 2, 2, 2, 2, 2, 2, 2, 2, 2, 2, 2, 2, 2, 2, 2, 2, 2, 2, 2, 2, 2, 2,
        2, 2, 2, 2, 2, 2, 2, 2, 2, 2, 2, 2, 2, 2, 2, 2], device='cuda:0'), tensor([9, 9, 9, 9, 9, 9, 9, 9, 9, 9, 9, 9, 9, 9, 9, 9, 9, 9, 9, 9, 9, 9, 9, 9,
        9, 9, 9, 9, 9, 9, 9, 9, 9, 9, 9, 9, 9, 9, 9, 9, 9, 9, 9, 9, 9, 9, 9, 9,
        9, 9, 9, 9, 9, 9, 9, 9, 9, 9, 9, 9, 9, 9, 9, 9, 9, 9, 9, 9, 9, 9, 9, 9,
        9, 9, 9, 9, 9, 9, 9, 9, 9, 9, 9, 9, 9, 9, 9, 9, 9, 9, 9, 9, 9, 9, 9, 9,
        9, 9, 9, 9, 9, 9, 9, 9, 9, 9, 9, 9, 9, 9, 9, 9, 9, 9, 9, 9, 9, 9, 9, 9,
        9, 9, 9, 9, 9, 9, 9, 9, 9, 9, 9, 9, 9, 9, 9, 9], device='cuda:0'), tensor([4, 4, 4, 4, 4, 4, 4, 4, 4, 4, 4, 4, 4, 4, 4, 4, 4, 4, 4, 4, 4, 4, 4, 4,
        4, 4, 4, 4, 4, 4, 4, 4, 4, 4, 4, 4, 4, 4, 4, 4, 4, 4, 4, 4, 4, 4, 4, 4,
        4, 4, 4, 4, 4, 4, 4, 4, 4, 4, 4, 4, 4, 4, 4, 4, 4, 4, 4, 4, 4, 4, 4, 4,
        4, 4, 4, 4, 4, 4, 4, 4, 4, 4, 4, 4, 4, 4, 4, 4, 4, 4, 4, 4, 4, 4, 4, 4,
        4, 4, 4, 4, 4, 4, 4, 4, 4, 4, 4, 4, 4, 4, 4, 4, 4, 4, 4, 4, 4, 4, 4, 4,
        4, 4, 4, 4, 4, 4, 4, 4, 4, 4, 4, 4, 4, 4, 4, 4], device='cuda:0'), tensor([9, 9, 9, 9, 9, 9, 9, 9, 9, 9, 9, 9, 9, 9, 9, 9, 9, 9, 9, 9, 9, 9, 9, 9,
        9, 9, 9, 9, 9, 9, 9, 9, 9, 9, 9, 9, 9, 9, 9, 9, 9, 9, 9, 9, 9, 9, 9, 9,
        9, 9, 9, 9, 9, 9, 9, 9, 9, 9, 9, 9, 9, 9, 9, 9, 9, 9, 9, 9, 9, 9, 9, 9,
        9, 9, 9, 9, 9, 9, 9, 9, 9, 9, 9, 9, 9, 9, 9, 9, 9, 9, 9, 9, 9, 9, 9, 9,
        9, 9, 9, 9, 9, 9, 9, 9, 9, 9, 9, 9, 9, 9, 9, 9, 9, 9, 9, 9, 9, 9, 9, 9,
        9, 9, 9, 9, 9, 9, 9, 9, 9, 9, 9, 9, 9, 9, 9, 9], device='cuda:0'), tensor([0, 0, 0, 0, 0, 0, 0, 0, 0, 0, 0, 0, 0, 0, 0, 0, 0, 0, 0, 0, 0, 0, 0, 0,
        0, 0, 0, 0, 0, 0, 0, 0, 0, 0, 0, 0, 0, 0, 0, 0, 0, 0, 0, 0, 0, 0, 0, 0,
        0, 0, 0, 0, 0, 0, 0, 0, 0, 0, 0, 0, 0, 0, 0, 0, 0, 0, 0, 0, 0, 0, 0, 0,
        0, 0, 0, 0, 0, 0, 0, 0, 0, 0, 0, 0, 0, 0, 0, 0, 0, 0, 0, 0, 0, 0, 0, 0,
        0, 0, 0, 0, 0, 0, 0, 0, 0, 0, 0, 0, 0, 0, 0, 0, 0, 0, 0, 0, 0, 0, 0, 0,
        0, 0, 0, 0, 0, 0, 0, 0, 0, 0, 0, 0, 0, 0, 0, 0], device='cuda:0'), tensor([11, 11, 11, 11, 11, 11, 11, 11, 11, 11, 11, 11, 11, 11, 11, 11, 11, 11,
        11, 11, 11, 11, 11, 11, 11, 11, 11, 11, 11, 11, 11, 11, 11, 11, 11, 11,
        11, 11, 11, 11, 11, 11, 11, 11, 11, 11, 11, 11, 11, 11, 11, 11, 11, 11,
        11, 11, 11, 11, 11, 11, 11, 11, 11, 11, 11, 11, 11, 11, 11, 11, 11, 11,
        11, 11, 11, 11, 11, 11, 11, 11, 11, 11, 11, 11, 11, 11, 11, 11, 11, 11,
        11, 11, 11, 11, 11, 11, 11, 11, 11, 11, 11, 11, 11, 11, 11, 11, 11, 11,
        11, 11, 11, 11, 11, 11, 11, 11, 11, 11, 11, 11, 11, 11, 11, 11, 11, 11,
        11, 11, 11, 11, 11, 11, 11, 11, 11, 11], device='cuda:0'), tensor([0, 0, 0, 0, 0, 0, 0, 0, 0, 0, 0, 0, 0, 0, 0, 0, 0, 0, 0, 0, 0, 0, 0, 0,
        0, 0, 0, 0, 0, 0, 0, 0, 0, 0, 0, 0, 0, 0, 0, 0, 0, 0, 0, 0, 0, 0, 0, 0,
        0, 0, 0, 0, 0, 0, 0, 0, 0, 0, 0, 0, 0, 0, 0, 0, 0, 0, 0, 0, 0, 0, 0, 0,
        0, 0, 0, 0, 0, 0, 0, 0, 0, 0, 0, 0, 0, 0, 0, 0, 0, 0, 0, 0, 0, 0, 0, 0,
        0, 0, 0, 0, 0, 0, 0, 0, 0, 0, 0, 0, 0, 0, 0, 0, 0, 0, 0, 0, 0, 0, 0, 0,
        0, 0, 0, 0, 0, 0, 0, 0, 0, 0, 0, 0, 0, 0, 0, 0], device='cuda:0'), tensor([7, 7, 7, 7, 7, 7, 7, 7, 7, 7, 7, 7, 7, 7, 7, 7, 7, 7, 7, 7, 7, 7, 7, 7,
        7, 7, 7, 7, 7, 7, 7, 7, 7, 7, 7, 7, 7, 7, 7, 7, 7, 7, 7, 7, 7, 7, 7, 7,
        7, 7, 7, 7, 7, 7, 7, 7, 7, 7, 7, 7, 7, 7, 7, 7, 7, 7, 7, 7, 7, 7, 7, 7,
        7, 7, 7, 7, 7, 7, 7, 7, 7, 7, 7, 7, 7, 7, 7, 7, 7, 7, 7, 7, 7, 7, 7, 7,
        7, 7, 7, 7, 7, 7, 7, 7, 7, 7, 7, 7, 7, 7, 7, 7, 7, 7, 7, 7, 7, 7, 7, 7,
        7, 7, 7, 7, 7, 7, 7, 7, 7, 7, 7, 7, 7, 7, 7, 7], device='cuda:0'), tensor([12, 12, 12, 12, 12, 12, 12, 12, 12, 12, 12, 12, 12, 12, 12, 12, 12, 12,
        12, 12, 12, 12, 12, 12, 12, 12, 12, 12, 12, 12, 12, 12, 12, 12, 12, 12,
        12, 12, 12, 12, 12, 12, 12, 12, 12, 12, 12, 12, 12, 12, 12, 12, 12, 12,
        12, 12, 12, 12, 12, 12, 12, 12, 12, 12, 12, 12, 12, 12, 12, 12, 12, 12,
        12, 12, 12, 12, 12, 12, 12, 12, 12, 12, 12, 12, 12, 12, 12, 12, 12, 12,
        12, 12, 12, 12, 12, 12, 12, 12, 12, 12, 12, 12, 12, 12, 12, 12, 12, 12,
        12, 12, 12, 12, 12, 12, 12, 12, 12, 12, 12, 12, 12, 12, 12, 12, 12, 12,
        12, 12, 12, 12, 12, 12, 12, 12, 12, 12], device='cuda:0'), tensor([8, 8, 8, 8, 8, 8, 8, 8, 8, 8, 8, 8, 8, 8, 8, 8, 8, 8, 8, 8, 8, 8, 8, 8,
        8, 8, 8, 8, 8, 8, 8, 8, 8, 8, 8, 8, 8, 8, 8, 8, 8, 8, 8, 8, 8, 8, 8, 8,
        8, 8, 8, 8, 8, 8, 8, 8, 8, 8, 8, 8, 8, 8, 8, 8, 8, 8, 8, 8, 8, 8, 8, 8,
        8, 8, 8, 8, 8, 8, 8, 8, 8, 8, 8, 8, 8, 8, 8, 8, 8, 8, 8, 8, 8, 8, 8, 8,
        8, 8, 8, 8, 8, 8, 8, 8, 8, 8, 8, 8, 8, 8, 8, 8, 8, 8, 8, 8, 8, 8, 8, 8,
        8, 8, 8, 8, 8, 8, 8, 8, 8, 8, 8, 8, 8, 8, 8, 8], device='cuda:0'), tensor([7, 7, 7, 7, 7, 7, 7, 7, 7, 7, 7, 7, 7, 7, 7, 7, 7, 7, 7, 7, 7, 7, 7, 7,
        7, 7, 7, 7, 7, 7, 7, 7, 7, 7, 7, 7, 7, 7, 7, 7, 7, 7, 7, 7, 7, 7, 7, 7,
        7, 7, 7, 7, 7, 7, 7, 7, 7, 7, 7, 7, 7, 7, 7, 7, 7, 7, 7, 7, 7, 7, 7, 7,
        7, 7, 7, 7, 7, 7, 7, 7, 7, 7, 7, 7, 7, 7, 7, 7, 7, 7, 7, 7, 7, 7, 7, 7,
        7, 7, 7, 7, 7, 7, 7, 7, 7, 7, 7, 7, 7, 7, 7, 7, 7, 7, 7, 7, 7, 7, 7, 7,
        7, 7, 7, 7, 7, 7, 7, 7, 7, 7, 7, 7, 7, 7, 7, 7], device='cuda:0'), tensor([12, 12, 12, 12, 12, 12, 12, 12, 12, 12, 12, 12, 12, 12, 12, 12, 12, 12,
        12, 12, 12, 12, 12, 12, 12, 12, 12, 12, 12, 12, 12, 12, 12, 12, 12, 12,
        12, 12, 12, 12, 12, 12, 12, 12, 12, 12, 12, 12, 12, 12, 12, 12, 12, 12,
        12, 12, 12, 12, 12, 12, 12, 12, 12, 12, 12, 12, 12, 12, 12, 12, 12, 12,
        12, 12, 12, 12, 12, 12, 12, 12, 12, 12, 12, 12, 12, 12, 12, 12, 12, 12,
        12, 12, 12, 12, 12, 12, 12, 12, 12, 12, 12, 12, 12, 12, 12, 12, 12, 12,
        12, 12, 12, 12, 12, 12, 12, 12, 12, 12, 12, 12, 12, 12, 12, 12, 12, 12,
        12, 12, 12, 12, 12, 12, 12, 12, 12, 12], device='cuda:0'), tensor([14, 14, 14, 14, 14, 14, 14, 14, 14, 14, 14, 14, 14, 14, 14, 14, 14, 14,
        14, 14, 14, 14, 14, 14, 14, 14, 14, 14, 14, 14, 14, 14, 14, 14, 14, 14,
        14, 14, 14, 14, 14, 14, 14, 14, 14, 14, 14, 14, 14, 14, 14, 14, 14, 14,
        14, 14, 14, 14, 14, 14, 14, 14, 14, 14, 14, 14, 14, 14, 14, 14, 14, 14,
        14, 14, 14, 14, 14, 14, 14, 14, 14, 14, 14, 14, 14, 14, 14, 14, 14, 14,
        14, 14, 14, 14, 14, 14, 14, 14, 14, 14, 14, 14, 14, 14, 14, 14, 14, 14,
        14, 14, 14, 14, 14, 14, 14, 14, 14, 14, 14, 14, 14, 14, 14, 14, 14, 14,
        14, 14, 14, 14, 14, 14, 14, 14, 14, 14], device='cuda:0'), tensor([14, 14, 14, 14, 14, 14, 14, 14, 14, 14, 14, 14, 14, 14, 14, 14, 14, 14,
        14, 14, 14, 14, 14, 14, 14, 14, 14, 14, 14, 14, 14, 14, 14, 14, 14, 14,
        14, 14, 14, 14, 14, 14, 14, 14, 14, 14, 14, 14, 14, 14, 14, 14, 14, 14,
        14, 14, 14, 14, 14, 14, 14, 14, 14, 14, 14, 14, 14, 14, 14, 14, 14, 14,
        14, 14, 14, 14, 14, 14, 14, 14, 14, 14, 14, 14, 14, 14, 14, 14, 14, 14,
        14, 14, 14, 14, 14, 14, 14, 14, 14, 14, 14, 14, 14, 14, 14, 14, 14, 14,
        14, 14, 14, 14, 14, 14, 14, 14, 14, 14, 14, 14, 14, 14, 14, 14, 14, 14,
        14, 14, 14, 14, 14, 14, 14, 14, 14, 14], device='cuda:0'), tensor([1, 1, 1, 1, 1, 1, 1, 1, 1, 1, 1, 1, 1, 1, 1, 1, 1, 1, 1, 1, 1, 1, 1, 1,
        1, 1, 1, 1, 1, 1, 1, 1, 1, 1, 1, 1, 1, 1, 1, 1, 1, 1, 1, 1, 1, 1, 1, 1,
        1, 1, 1, 1, 1, 1, 1, 1, 1, 1, 1, 1, 1, 1, 1, 1, 1, 1, 1, 1, 1, 1, 1, 1,
        1, 1, 1, 1, 1, 1, 1, 1, 1, 1, 1, 1, 1, 1, 1, 1, 1, 1, 1, 1, 1, 1, 1, 1,
        1, 1, 1, 1, 1, 1, 1, 1, 1, 1, 1, 1, 1, 1, 1, 1, 1, 1, 1, 1, 1, 1, 1, 1,
        1, 1, 1, 1, 1, 1, 1, 1, 1, 1, 1, 1, 1, 1, 1, 1], device='cuda:0'), tensor([10, 10, 10, 10, 10, 10, 10, 10, 10, 10, 10, 10, 10, 10, 10, 10, 10, 10,
        10, 10, 10, 10, 10, 10, 10, 10, 10, 10, 10, 10, 10, 10, 10, 10, 10, 10,
        10, 10, 10, 10, 10, 10, 10, 10, 10, 10, 10, 10, 10, 10, 10, 10, 10, 10,
        10, 10, 10, 10, 10, 10, 10, 10, 10, 10, 10, 10, 10, 10, 10, 10, 10, 10,
        10, 10, 10, 10, 10, 10, 10, 10, 10, 10, 10, 10, 10, 10, 10, 10, 10, 10,
        10, 10, 10, 10, 10, 10, 10, 10, 10, 10, 10, 10, 10, 10, 10, 10, 10, 10,
        10, 10, 10, 10, 10, 10, 10, 10, 10, 10, 10, 10, 10, 10, 10, 10, 10, 10,
        10, 10, 10, 10, 10, 10, 10, 10, 10, 10], device='cuda:0'), tensor([16, 16, 16, 16, 16, 16, 16, 16, 16, 16, 16, 16, 16, 16, 16, 16, 16, 16,
        16, 16, 16, 16, 16, 16, 16, 16, 16, 16, 16, 16, 16, 16, 16, 16, 16, 16,
        16, 16, 16, 16, 16, 16, 16, 16, 16, 16, 16, 16, 16, 16, 16, 16, 16, 16,
        16, 16, 16, 16, 16, 16, 16, 16, 16, 16, 16, 16, 16, 16, 16, 16, 16, 16,
        16, 16, 16, 16, 16, 16, 16, 16, 16, 16, 16, 16, 16, 16, 16, 16, 16, 16,
        16, 16, 16, 16, 16, 16, 16, 16, 16, 16, 16, 16, 16, 16, 16, 16, 16, 16,
        16, 16, 16, 16, 16, 16, 16, 16, 16, 16, 16, 16, 16, 16, 16, 16, 16, 16,
        16, 16, 16, 16, 16, 16, 16, 16, 16, 16], device='cuda:0'), tensor([3, 3, 3, 3, 3, 3, 3, 3, 3, 3, 3, 3, 3, 3, 3, 3, 3, 3, 3, 3, 3, 3, 3, 3,
        3, 3, 3, 3, 3, 3, 3, 3, 3, 3, 3, 3, 3, 3, 3, 3, 3, 3, 3, 3, 3, 3, 3, 3,
        3, 3, 3, 3, 3, 3, 3, 3, 3, 3, 3, 3, 3, 3, 3, 3, 3, 3, 3, 3, 3, 3, 3, 3,
        3, 3, 3, 3, 3, 3, 3, 3, 3, 3, 3, 3, 3, 3, 3, 3, 3, 3, 3, 3, 3, 3, 3, 3,
        3, 3, 3, 3, 3, 3, 3, 3, 3, 3, 3, 3, 3, 3, 3, 3, 3, 3, 3, 3, 3, 3, 3, 3,
        3, 3, 3, 3, 3, 3, 3, 3, 3, 3, 3, 3, 3, 3, 3, 3], device='cuda:0'), tensor([4, 4, 4, 4, 4, 4, 4, 4, 4, 4, 4, 4, 4, 4, 4, 4, 4, 4, 4, 4, 4, 4, 4, 4,
        4, 4, 4, 4, 4, 4, 4, 4, 4, 4, 4, 4, 4, 4, 4, 4, 4, 4, 4, 4, 4, 4, 4, 4,
        4, 4, 4, 4, 4, 4, 4, 4, 4, 4, 4, 4, 4, 4, 4, 4, 4, 4, 4, 4, 4, 4, 4, 4,
        4, 4, 4, 4, 4, 4, 4, 4, 4, 4, 4, 4, 4, 4, 4, 4, 4, 4, 4, 4, 4, 4, 4, 4,
        4, 4, 4, 4, 4, 4, 4, 4, 4, 4, 4, 4, 4, 4, 4, 4, 4, 4, 4, 4, 4, 4, 4, 4,
        4, 4, 4, 4, 4, 4, 4, 4, 4, 4, 4, 4, 4, 4, 4, 4], device='cuda:0'), tensor([3, 3, 3, 3, 3, 3, 3, 3, 3, 3, 3, 3, 3, 3, 3, 3, 3, 3, 3, 3, 3, 3, 3, 3,
        3, 3, 3, 3, 3, 3, 3, 3, 3, 3, 3, 3, 3, 3, 3, 3, 3, 3, 3, 3, 3, 3, 3, 3,
        3, 3, 3, 3, 3, 3, 3, 3, 3, 3, 3, 3, 3, 3, 3, 3, 3, 3, 3, 3, 3, 3, 3, 3,
        3, 3, 3, 3, 3, 3, 3, 3, 3, 3, 3, 3, 3, 3, 3, 3, 3, 3, 3, 3, 3, 3, 3, 3,
        3, 3, 3, 3, 3, 3, 3, 3, 3, 3, 3, 3, 3, 3, 3, 3, 3, 3, 3, 3, 3, 3, 3, 3,
        3, 3, 3, 3, 3, 3, 3, 3, 3, 3, 3, 3, 3, 3, 3, 3], device='cuda:0'), tensor([13, 13, 13, 13, 13, 13, 13, 13, 13, 13, 13, 13, 13, 13, 13, 13, 13, 13,
        13, 13, 13, 13, 13, 13, 13, 13, 13, 13, 13, 13, 13, 13, 13, 13, 13, 13,
        13, 13, 13, 13, 13, 13, 13, 13, 13, 13, 13, 13, 13, 13, 13, 13, 13, 13,
        13, 13, 13, 13, 13, 13, 13, 13, 13, 13, 13, 13, 13, 13, 13, 13, 13, 13,
        13, 13, 13, 13, 13, 13, 13, 13, 13, 13, 13, 13, 13, 13, 13, 13, 13, 13,
        13, 13, 13, 13, 13, 13, 13, 13, 13, 13, 13, 13, 13, 13, 13, 13, 13, 13,
        13, 13, 13, 13, 13, 13, 13, 13, 13, 13, 13, 13, 13, 13, 13, 13, 13, 13,
        13, 13, 13, 13, 13, 13, 13, 13, 13, 13], device='cuda:0'), tensor([13, 13, 13, 13, 13, 13, 13, 13, 13, 13, 13, 13, 13, 13, 13, 13, 13, 13,
        13, 13, 13, 13, 13, 13, 13, 13, 13, 13, 13, 13, 13, 13, 13, 13, 13, 13,
        13, 13, 13, 13, 13, 13, 13, 13, 13, 13, 13, 13, 13, 13, 13, 13, 13, 13,
        13, 13, 13, 13, 13, 13, 13, 13, 13, 13, 13, 13, 13, 13, 13, 13, 13, 13,
        13, 13, 13, 13, 13, 13, 13, 13, 13, 13, 13, 13, 13, 13, 13, 13, 13, 13,
        13, 13, 13, 13, 13, 13, 13, 13, 13, 13, 13, 13, 13, 13, 13, 13, 13, 13,
        13, 13, 13, 13, 13, 13, 13, 13, 13, 13, 13, 13, 13, 13, 13, 13, 13, 13,
        13, 13, 13, 13, 13, 13, 13, 13, 13, 13], device='cuda:0'), tensor([13, 13, 13, 13, 13, 13, 13, 13, 13, 13, 13, 13, 13, 13, 13, 13, 13, 13,
        13, 13, 13, 13, 13, 13, 13, 13, 13, 13, 13, 13, 13, 13, 13, 13, 13, 13,
        13, 13, 13, 13, 13, 13, 13, 13, 13, 13, 13, 13, 13, 13, 13, 13, 13, 13,
        13, 13, 13, 13, 13, 13, 13, 13, 13, 13, 13, 13, 13, 13, 13, 13, 13, 13,
        13, 13, 13, 13, 13, 13, 13, 13, 13, 13, 13, 13, 13, 13, 13, 13, 13, 13,
        13, 13, 13, 13, 13, 13, 13, 13, 13, 13, 13, 13, 13, 13, 13, 13, 13, 13,
        13, 13, 13, 13, 13, 13, 13, 13, 13, 13, 13, 13, 13, 13, 13, 13, 13, 13,
        13, 13, 13, 13, 13, 13, 13, 13, 13, 13], device='cuda:0'), tensor([1, 1, 1, 1, 1, 1, 1, 1, 1, 1, 1, 1, 1, 1, 1, 1, 1, 1, 1, 1, 1, 1, 1, 1,
        1, 1, 1, 1, 1, 1, 1, 1, 1, 1, 1, 1, 1, 1, 1, 1, 1, 1, 1, 1, 1, 1, 1, 1,
        1, 1, 1, 1, 1, 1, 1, 1, 1, 1, 1, 1, 1, 1, 1, 1, 1, 1, 1, 1, 1, 1, 1, 1,
        1, 1, 1, 1, 1, 1, 1, 1, 1, 1, 1, 1, 1, 1, 1, 1, 1, 1, 1, 1, 1, 1, 1, 1,
        1, 1, 1, 1, 1, 1, 1, 1, 1, 1, 1, 1, 1, 1, 1, 1, 1, 1, 1, 1, 1, 1, 1, 1,
        1, 1, 1, 1, 1, 1, 1, 1, 1, 1, 1, 1, 1, 1, 1, 1], device='cuda:0'), tensor([14, 14, 14, 14, 14, 14, 14, 14, 14, 14, 14, 14, 14, 14, 14, 14, 14, 14,
        14, 14, 14, 14, 14, 14, 14, 14, 14, 14, 14, 14, 14, 14, 14, 14, 14, 14,
        14, 14, 14, 14, 14, 14, 14, 14, 14, 14, 14, 14, 14, 14, 14, 14, 14, 14,
        14, 14, 14, 14, 14, 14, 14, 14, 14, 14, 14, 14, 14, 14, 14, 14, 14, 14,
        14, 14, 14, 14, 14, 14, 14, 14, 14, 14, 14, 14, 14, 14, 14, 14, 14, 14,
        14, 14, 14, 14, 14, 14, 14, 14, 14, 14, 14, 14, 14, 14, 14, 14, 14, 14,
        14, 14, 14, 14, 14, 14, 14, 14, 14, 14, 14, 14, 14, 14, 14, 14, 14, 14,
        14, 14, 14, 14, 14, 14, 14, 14, 14, 14], device='cuda:0'), tensor([14, 14, 14, 14, 14, 14, 14, 14, 14, 14, 14, 14, 14, 14, 14, 14, 14, 14,
        14, 14, 14, 14, 14, 14, 14, 14, 14, 14, 14, 14, 14, 14, 14, 14, 14, 14,
        14, 14, 14, 14, 14, 14, 14, 14, 14, 14, 14, 14, 14, 14, 14, 14, 14, 14,
        14, 14, 14, 14, 14, 14, 14, 14, 14, 14, 14, 14, 14, 14, 14, 14, 14, 14,
        14, 14, 14, 14, 14, 14, 14, 14, 14, 14, 14, 14, 14, 14, 14, 14, 14, 14,
        14, 14, 14, 14, 14, 14, 14, 14, 14, 14, 14, 14, 14, 14, 14, 14, 14, 14,
        14, 14, 14, 14, 14, 14, 14, 14, 14, 14, 14, 14, 14, 14, 14, 14, 14, 14,
        14, 14, 14, 14, 14, 14, 14, 14, 14, 14], device='cuda:0'), tensor([3, 3, 3, 3, 3, 3, 3, 3, 3, 3, 3, 3, 3, 3, 3, 3, 3, 3, 3, 3, 3, 3, 3, 3,
        3, 3, 3, 3, 3, 3, 3, 3, 3, 3, 3, 3, 3, 3, 3, 3, 3, 3, 3, 3, 3, 3, 3, 3,
        3, 3, 3, 3, 3, 3, 3, 3, 3, 3, 3, 3, 3, 3, 3, 3, 3, 3, 3, 3, 3, 3, 3, 3,
        3, 3, 3, 3, 3, 3, 3, 3, 3, 3, 3, 3, 3, 3, 3, 3, 3, 3, 3, 3, 3, 3, 3, 3,
        3, 3, 3, 3, 3, 3, 3, 3, 3, 3, 3, 3, 3, 3, 3, 3, 3, 3, 3, 3, 3, 3, 3, 3,
        3, 3, 3, 3, 3, 3, 3, 3, 3, 3, 3, 3, 3, 3, 3, 3], device='cuda:0'), tensor([15, 15, 15, 15, 15, 15, 15, 15, 15, 15, 15, 15, 15, 15, 15, 15, 15, 15,
        15, 15, 15, 15, 15, 15, 15, 15, 15, 15, 15, 15, 15, 15, 15, 15, 15, 15,
        15, 15, 15, 15, 15, 15, 15, 15, 15, 15, 15, 15, 15, 15, 15, 15, 15, 15,
        15, 15, 15, 15, 15, 15, 15, 15, 15, 15, 15, 15, 15, 15, 15, 15, 15, 15,
        15, 15, 15, 15, 15, 15, 15, 15, 15, 15, 15, 15, 15, 15, 15, 15, 15, 15,
        15, 15, 15, 15, 15, 15, 15, 15, 15, 15, 15, 15, 15, 15, 15, 15, 15, 15,
        15, 15, 15, 15, 15, 15, 15, 15, 15, 15, 15, 15, 15, 15, 15, 15, 15, 15,
        15, 15, 15, 15, 15, 15, 15, 15, 15, 15], device='cuda:0'), tensor([9, 9, 9, 9, 9, 9, 9, 9, 9, 9, 9, 9, 9, 9, 9, 9, 9, 9, 9, 9, 9, 9, 9, 9,
        9, 9, 9, 9, 9, 9, 9, 9, 9, 9, 9, 9, 9, 9, 9, 9, 9, 9, 9, 9, 9, 9, 9, 9,
        9, 9, 9, 9, 9, 9, 9, 9, 9, 9, 9, 9, 9, 9, 9, 9, 9, 9, 9, 9, 9, 9, 9, 9,
        9, 9, 9, 9, 9, 9, 9, 9, 9, 9, 9, 9, 9, 9, 9, 9, 9, 9, 9, 9, 9, 9, 9, 9,
        9, 9, 9, 9, 9, 9, 9, 9, 9, 9, 9, 9, 9, 9, 9, 9, 9, 9, 9, 9, 9, 9, 9, 9,
        9, 9, 9, 9, 9, 9, 9, 9, 9, 9, 9, 9, 9, 9, 9, 9], device='cuda:0'), tensor([9, 9, 9, 9, 9, 9, 9, 9, 9, 9, 9, 9, 9, 9, 9, 9, 9, 9, 9, 9, 9, 9, 9, 9,
        9, 9, 9, 9, 9, 9, 9, 9, 9, 9, 9, 9, 9, 9, 9, 9, 9, 9, 9, 9, 9, 9, 9, 9,
        9, 9, 9, 9, 9, 9, 9, 9, 9, 9, 9, 9, 9, 9, 9, 9, 9, 9, 9, 9, 9, 9, 9, 9,
        9, 9, 9, 9, 9, 9, 9, 9, 9, 9, 9, 9, 9, 9, 9, 9, 9, 9, 9, 9, 9, 9, 9, 9,
        9, 9, 9, 9, 9, 9, 9, 9, 9, 9, 9, 9, 9, 9, 9, 9, 9, 9, 9, 9, 9, 9, 9, 9,
        9, 9, 9, 9, 9, 9, 9, 9, 9, 9, 9, 9, 9, 9, 9, 9], device='cuda:0')]
Model val labels: [tensor([ 2,  1,  7, 12,  4, 13,  4, 10, 11, 14,  0, 12,  8,  9,  5, 11, 14, 16,
         2, 15, 12, 10,  0,  4, 11,  9,  2, 16, 12,  2,  3, 14, 16,  9, 13,  6,
         4,  1, 12,  4,  8,  0,  8, 10,  2, 15,  7, 11, 11,  6,  5, 12, 15, 10,
         1, 14,  6, 10,  9, 16, 15,  8,  5, 16, 12, 15, 15,  3, 10,  6,  5,  8,
        15,  3,  4, 16,  6, 13,  6, 11,  3, 10,  3,  0,  2,  5,  0,  8,  3, 13,
         1,  9,  5,  1,  3,  8,  1,  7,  1, 16,  3,  7, 13,  0,  7,  4,  5, 12,
         7,  9, 14, 13,  9,  1,  8, 14,  2, 13, 11,  9,  6, 14, 11,  2, 14, 16,
        15,  4,  0,  7,  6,  5,  7, 10, 13,  0], device='cuda:0'), tensor([10,  0, 13, 15, 15,  4,  2, 15,  9,  3,  4,  8,  6,  5, 14, 13, 11,  0,
         6,  1,  1,  3, 14, 15,  3, 11, 10,  5,  8,  2, 16,  8,  0,  4, 14,  2,
        11,  4, 12, 13,  8,  7, 13,  6,  9, 10,  7, 13,  4,  0,  4,  8,  4,  5,
        11, 14, 16,  8,  3,  7,  5, 15, 10, 10,  4,  6, 12,  6, 10, 16, 15,  6,
        12,  2,  6,  1,  2, 10,  7, 16, 14, 16,  1, 16, 12, 14,  3,  8, 11,  0,
         3, 16,  7, 11,  0,  9,  2, 13,  5, 13,  6,  8, 15, 15,  9,  0, 12,  2,
         9, 11, 10,  1, 13, 12, 12, 11, 16,  2,  3, 12,  7,  7,  9, 14,  5,  0,
         1,  9,  1,  1,  3,  7,  9,  5, 14,  5], device='cuda:0'), tensor([11, 10,  5,  3,  3,  5, 16, 13,  8, 10, 13,  0,  4,  8, 12, 11, 12, 15,
         8,  8,  9, 15, 11,  3, 14,  9, 11,  4, 11, 15,  2,  0, 14, 10,  5,  8,
        16, 12,  8,  1,  9, 12,  5,  9,  1,  4, 10, 12,  3, 11, 15, 13,  2, 13,
         6,  2,  4,  6,  3,  6,  6,  9,  9,  2, 10,  7,  0,  6,  2, 10,  7,  3,
         7, 11, 15,  2,  7,  9, 12,  8,  7, 14,  2, 14, 16, 16,  0, 16,  0,  0,
         3,  1,  6, 10, 11,  0,  4, 16,  5, 15,  5,  8, 12,  5,  1, 16,  6, 13,
         2, 15, 13,  5,  1,  4,  1,  3, 10,  0, 14,  1,  6,  4,  4,  7, 14,  7,
         7, 14, 12,  1, 13,  9, 14, 13, 15, 16], device='cuda:0'), tensor([12,  0, 15,  2,  7, 10, 12,  8,  2, 11,  6,  8,  8, 15,  1, 11,  3,  9,
        10, 10,  4,  3, 12, 16,  3, 15,  9,  8,  4, 15,  2, 16,  9,  0, 12,  1,
        15,  5,  1,  2, 10,  6, 12,  0, 13,  5,  0, 14, 16, 11,  3,  1, 12,  8,
        16, 11,  4, 16,  0,  9, 12, 15,  8,  5, 13,  7,  1, 10, 16, 13,  8,  5,
         4,  6,  9, 11,  5, 13,  8,  1,  4,  9,  2, 10,  7, 11, 13,  9, 15, 13,
         3, 14,  2,  6,  7, 14,  6, 12, 14, 13,  1, 10, 15,  5,  3,  6,  4, 10,
         9,  1,  4, 13,  2,  7, 11, 16,  6, 14,  0,  3, 14, 11,  5,  4,  3,  7,
         0,  7, 14, 14,  5,  7,  0,  2, 16,  6], device='cuda:0'), tensor([ 7, 14, 12,  8, 16,  0,  6,  5, 16, 11,  1,  9,  8, 10, 14, 12,  9,  1,
         7,  4,  3,  4,  2, 14,  6,  3,  5,  9,  2, 11, 10,  0, 12, 12, 15,  5,
         0,  7,  5,  5,  2, 15,  8,  8,  6, 13, 15,  3,  2,  2, 15,  6, 13,  0,
         1, 11, 13,  7,  4,  3,  7,  1,  4, 12, 13, 16,  5, 12, 10,  6, 14, 10,
         1,  9,  0,  7, 12, 10, 16,  4, 15,  6,  5,  0,  1, 15,  8, 11, 11,  3,
        13, 12, 16,  4, 10,  9,  2,  9,  5,  7,  3, 14,  8, 16,  1,  6, 10,  4,
        14,  3,  4,  7, 16, 15, 11,  2, 11, 14,  8, 15,  1,  6,  3, 13,  9, 10,
         0, 13,  2,  9, 13, 11,  8, 14, 16,  0], device='cuda:0'), tensor([14,  1,  7, 11, 10,  9,  1, 15,  7, 16, 10,  7,  5, 14,  8,  9,  6, 16,
         8, 13,  8,  7,  2,  8,  4,  3, 15, 11,  3,  1, 12, 11,  2,  2,  5, 10,
         5,  8,  6,  4, 13,  6,  0,  5, 15,  3, 15, 14,  9,  9,  0, 11, 15,  1,
         1,  3, 14,  2,  9,  3,  2, 16,  0, 14,  3,  7, 12, 12,  1,  4,  8, 16,
         5,  6, 11,  2, 16,  2, 11,  4, 13, 12, 14, 15,  7, 16,  0,  5,  6, 11,
         6, 13,  8, 10,  9,  0,  0, 12,  9,  3,  7,  4, 13,  5,  4,  8, 15,  4,
         1, 10, 13,  6, 13, 14, 12, 16, 13,  7,  6, 12, 11,  3,  9,  0, 14,  5,
         0, 10,  1, 10, 10,  2,  4, 16, 15, 12], device='cuda:0'), tensor([ 2,  9,  3,  4, 12,  3,  4,  9, 15,  6,  4,  2,  3, 12,  4,  1,  8,  3,
         5,  6,  1,  5,  0,  0, 16,  0,  5, 11, 15, 15,  8, 11, 10, 12,  9, 13,
        16,  0,  3,  8, 14,  8, 15,  1, 14, 15, 10,  3,  5,  2, 11,  1,  3, 10,
         9,  2,  8, 13, 14,  0,  9,  5,  7, 14,  1, 13,  2,  4, 13,  4,  5, 14,
        15, 16, 10, 14,  2, 12,  6,  5,  1,  5, 16,  7, 16,  1, 12, 12, 13,  6,
         9, 10, 13,  7, 16,  9, 12,  9,  7, 11, 16, 10,  0,  3, 13,  2,  7,  8,
         2,  1, 11, 14, 10,  0, 11,  0,  6,  7,  6,  7, 12,  4, 11, 11,  6, 15,
         8, 16, 14, 13, 15,  8, 10,  6,  7,  4], device='cuda:0'), tensor([10,  2,  5, 10,  8, 13,  0, 16,  2,  1,  3,  4, 15,  3,  7, 12,  8,  1,
        15, 15,  5,  6,  9, 10,  0, 14,  2,  5, 15,  7, 16,  4,  9,  0,  8,  9,
         3,  3,  1, 10,  3,  4, 11, 16,  1, 13, 13,  7,  6,  7,  4,  1,  0, 12,
        10,  0,  7,  1, 15, 11, 10,  1,  4,  6, 14,  4,  7, 13,  8, 12,  0, 16,
        13,  3,  6, 16, 12,  0,  9,  5,  2,  7,  5, 11, 11,  8, 10,  9,  4, 11,
        14, 14, 16,  8,  9, 16,  8,  5,  6, 14, 13,  5, 15, 12, 13,  1, 15, 12,
         9,  3,  2,  5,  9,  2,  4, 12, 16,  7, 14, 15,  8, 14,  2, 10,  2,  3,
        11,  6, 11, 12,  6, 13,  0, 14, 11,  6], device='cuda:0'), tensor([ 5,  4, 12,  9, 14, 14, 16,  7,  7,  6,  4,  9, 11, 15,  9, 14,  1,  6,
        10,  2, 14,  3,  8,  6,  7,  1, 13,  3, 16,  6,  3,  8,  6, 10, 16,  7,
         7, 13, 12, 12,  2, 11,  1, 15, 12,  2, 10,  6,  4, 11,  8, 11,  0,  2,
        12,  2, 11,  0, 12, 16,  9, 15,  2,  0, 11,  5,  7,  9,  5,  5,  5, 14,
        15,  7, 11,  2,  8,  1,  3,  0,  2,  7,  4, 15, 13, 15,  1,  5, 12, 14,
         1, 11, 10,  1, 13,  0, 14, 15, 16,  3,  8, 15,  0, 10,  4,  4, 14,  4,
        16,  9,  8, 12,  6,  3,  4, 16, 10, 10, 13, 16,  3, 13,  5, 13,  0,  6,
         8, 10,  1,  9,  3,  9,  5,  0,  8, 13], device='cuda:0'), tensor([ 0, 13, 10,  2,  5, 13,  5, 12,  8,  9,  6, 10,  6,  6, 13, 15, 12,  8,
         3, 12,  1, 14,  2, 15, 16, 13, 11,  2, 16, 15, 10,  8, 14, 15,  4,  5,
         4, 15,  4, 15,  9,  1, 13, 12,  3,  2, 12, 12, 16,  9,  1,  0,  0,  1,
         6,  2,  3, 16,  8,  7,  8, 16,  6,  0,  7,  6,  9,  5,  9, 11, 16,  3,
        13, 10, 14,  4, 14, 13, 11,  5,  3,  2, 13,  0,  7, 10,  3,  3, 10, 10,
         8,  4, 11,  6,  0, 15,  7, 11, 11, 11, 15,  9,  4,  1,  4,  2, 10, 16,
         5,  0, 14, 12,  9,  7, 14,  9, 12, 16, 14,  5,  6,  3,  1,  2, 11,  7,
         1,  8,  5,  7,  8, 14,  7,  1,  0,  4], device='cuda:0'), tensor([ 9, 13,  7,  1,  2,  9,  0, 10,  6,  4,  8,  0, 14, 13,  1,  5, 14,  9,
         4, 12,  1,  6, 12, 15, 11, 14,  8,  5,  9,  7,  3, 13, 13, 15,  4,  6,
         0, 10, 11,  8,  0, 16,  4, 14,  3,  7, 12,  6, 11,  7, 15,  0,  2,  1,
         1, 14,  5,  6, 12, 11, 11, 13, 15, 15, 16,  2,  1,  4,  5,  8, 16, 10,
         6, 16,  2,  0, 11,  9, 15,  0,  5, 13,  5, 13,  2,  5, 10, 15,  3,  3,
         4,  1,  5,  3,  8, 14,  0,  4, 11, 10,  8, 12,  9,  9, 10, 15,  2, 14,
         7,  7, 16,  6, 12,  6, 10,  7,  8, 16,  3,  8,  9, 12,  1,  7,  3,  3,
        16, 11, 12, 13, 10,  4,  2,  2, 16, 14], device='cuda:0'), tensor([ 3,  2,  3, 15,  9,  1,  8,  5,  4,  6,  8, 14, 12,  4,  3, 14,  0,  8,
        11,  2, 16,  0,  5,  1, 12,  8,  7,  6,  9, 13, 16,  6, 13,  1, 16,  8,
        10, 16, 13,  0,  7, 13,  8,  4, 14,  4,  7,  9, 14,  6,  2,  4,  1,  0,
        15,  9, 11,  1,  2,  1, 14,  4,  5, 14, 11, 14,  7, 12,  2, 13,  0, 15,
         1,  5, 12, 13, 10, 15, 11,  7,  7,  2,  5,  6,  3, 10,  0,  3,  6, 11,
         5,  8,  0, 11, 12, 14,  3,  9, 15, 16,  2,  9,  4,  5,  0, 16, 12, 10,
         7,  6, 13,  7, 11,  3, 13, 12,  1, 10,  8, 16,  9, 16,  4, 15,  5, 15,
         3,  2, 11, 10,  9, 12,  6, 10, 10, 15], device='cuda:0'), tensor([ 2,  8,  2,  3, 15,  5, 10,  6,  4, 14, 10,  3, 10, 11,  6,  0, 12,  2,
         7,  8,  2, 12, 15,  9,  2,  0, 13,  7, 16, 12, 14,  4,  2, 15, 10, 15,
        14, 11,  0, 15,  4, 11, 13,  5, 13, 16,  3,  0,  8,  7, 14,  9, 15,  0,
         6, 12,  1, 11,  6,  4, 14,  3,  5, 14,  3, 16,  2,  1,  7,  1, 11, 12,
         1,  9, 12,  0, 15,  3,  6,  6,  9,  8,  4,  8, 13,  5, 11,  8,  6,  4,
         9, 16, 14, 16, 16, 14,  6, 10,  9,  3, 13,  0,  2,  5, 13, 16, 15, 11,
         7,  5,  0,  3,  9,  8,  9,  7, 12, 16, 13,  1, 13,  1,  7, 11, 10,  7,
         4, 10,  4,  1,  5, 10,  8,  1,  5, 12], device='cuda:0'), tensor([ 0, 16,  4,  0,  1, 13, 10,  0,  5,  1, 14,  4, 16, 12,  4, 12, 12,  6,
         5,  1, 11,  6,  9,  5, 15,  3,  8,  2,  8,  4,  3,  9,  6,  3, 15,  9,
         7, 15,  5,  5, 14,  6,  7,  3,  7, 11, 15,  9, 13,  6, 10, 16, 16,  8,
        12, 15,  2, 14,  9,  2,  8,  8,  2, 12,  0,  3, 10, 14,  2,  5, 16,  6,
         2, 12,  6,  4,  1, 11, 11, 16,  1,  8,  3, 13, 11, 13, 10, 15,  5,  0,
         3, 10,  9,  7,  8,  9, 14, 14,  7, 10,  1,  2, 10,  4, 13, 14,  4,  9,
         4, 16, 13, 11, 14, 15, 12,  3, 12,  6,  0,  0, 16, 15,  7, 11,  0,  7,
         2,  5,  7,  1, 10, 13, 11,  1,  8, 13], device='cuda:0'), tensor([ 3, 10, 13, 12,  6, 14, 16,  3,  6, 16, 11,  4, 13, 11,  7, 14,  2,  5,
        15,  2, 12, 15,  9, 14,  7,  8, 15,  2,  5,  9, 13,  6, 11, 15,  8, 15,
        10, 16, 10,  1,  1,  4,  6,  3, 12, 13, 13, 10, 11, 15,  4,  9,  2,  4,
        15, 12,  7,  1, 11,  6,  8, 14, 16,  2,  3,  6,  0,  1,  9, 16,  3,  4,
         0,  0, 16,  4, 12, 13,  8,  3,  7,  0,  2,  5,  9, 16, 10,  2, 12,  5,
        11,  3,  1,  0, 14,  5,  1, 11, 13,  5,  9, 11, 15,  6,  7,  8, 10,  9,
        16,  0,  5,  5,  2,  0,  1,  6, 12, 13,  3,  8,  7,  8, 14, 14,  7, 12,
         1, 14,  7, 10,  9,  0, 10,  4,  8,  4], device='cuda:0'), tensor([ 5,  0, 15, 11,  9, 15,  4, 14,  0, 14, 12, 12,  4, 13,  6,  5, 12,  9,
         8,  1, 10,  8,  3,  7, 15,  5, 14, 16, 11,  9,  3, 10, 15, 10,  1,  2,
        10,  2,  5, 13,  8, 11, 13,  2, 12, 16,  0,  8,  8, 14, 10,  4, 14,  7,
         3,  4,  9, 12,  4, 16, 15,  3,  5,  6,  5,  7,  7, 16,  5, 10,  9,  1,
         1,  7,  7, 10,  2, 16, 14, 10,  1,  9, 16, 11,  6,  2,  2,  1,  0,  5,
         6,  8, 12,  8,  4, 13, 14,  1,  7, 13,  6,  0,  0,  1,  7,  9, 11,  6,
         3,  0, 13,  4, 15, 15,  0, 11, 12, 16, 13,  3,  2, 11,  3, 15,  4,  6,
        16, 13,  8, 12,  3,  9, 14,  6, 11,  2], device='cuda:0'), tensor([11,  2, 12, 11, 14,  7,  1, 13,  6,  1, 14,  4,  7,  4,  4,  1, 16,  1,
         2, 10,  4,  8,  8, 14,  3,  5, 13, 12, 13,  7, 15,  9, 16,  7, 16,  0,
        10, 16,  4,  5,  7,  0, 12,  1,  5,  7, 15, 10,  8,  5,  4,  6,  2, 15,
         3, 14,  8, 13,  2,  5, 14,  9, 11,  0,  9, 13, 10, 12, 13,  9,  6,  8,
         5,  8,  2,  9,  0, 10,  7,  4,  5, 13,  9, 12,  6,  3,  2,  0,  3,  0,
        12,  1,  6, 15,  6,  3, 12,  3,  9, 10, 10, 11,  0,  2,  9, 15, 11,  7,
        14, 14, 10, 11, 12, 16,  3, 14, 13,  2, 15,  5,  6, 15,  1,  8, 15,  1,
        11, 16,  4,  0,  3, 11,  8, 16, 16,  6], device='cuda:0'), tensor([ 1, 16, 12,  6, 11, 15, 15, 14,  2,  1,  0, 10,  2,  6, 12, 12, 13, 13,
         7, 12,  5,  3, 13,  4,  9, 13, 11,  5, 10,  5, 10, 16,  0,  0,  5,  1,
        11, 14, 16,  9, 13,  5,  8,  9, 16,  0,  9, 15, 11,  6,  4, 12, 15, 14,
        14,  7,  5, 14,  0,  0,  7, 10, 16, 15,  5,  2,  4, 16,  7,  3, 14,  4,
         9,  6,  2,  8, 13,  5, 16, 11,  1, 15,  1,  6,  1, 11, 12,  8,  7,  4,
         3,  8,  8,  8, 14,  6,  7,  0,  8, 13, 11,  7, 12, 14, 16,  9, 10,  0,
         2,  2,  4,  2,  2,  4,  3, 15, 10, 13,  3, 15, 12,  1,  3, 10,  3, 11,
         9,  3,  8,  6,  4,  7, 10,  1,  9,  6], device='cuda:0'), tensor([11,  6,  9,  2,  0, 12,  3, 12,  1,  1, 15,  6, 10, 14,  3, 15,  4, 14,
         6,  8, 10,  0,  0, 14,  1,  8,  2, 14, 16,  9, 15, 13,  4,  0,  1,  4,
         5, 15,  9, 12,  0,  3,  3,  8, 11,  2,  5,  8,  1,  7,  7, 16,  5, 13,
         5, 13,  0, 12, 16, 14,  7,  1, 16,  7, 11, 12,  4, 11,  2,  9,  0,  6,
        13,  8,  9,  2, 12,  9,  6, 11, 16, 14, 16,  3,  8,  6, 15,  4, 10,  5,
        10,  4, 11,  4,  7, 14,  2, 16,  8, 16, 10, 14,  1,  7,  5,  6, 12,  5,
        10,  3, 15,  9,  2,  5,  9, 10, 11, 13, 13, 13,  1,  7, 15,  8, 10,  3,
        15, 13, 12,  6,  4, 11,  2,  3,  7,  0], device='cuda:0'), tensor([ 7, 15,  0, 13, 10, 16, 16, 11,  9,  4, 15,  9,  3,  8,  5, 13,  6, 12,
         1,  3, 16,  7, 14,  4, 14, 16, 13,  1,  9,  7, 13,  3, 10, 16,  5,  5,
         4, 13,  2,  8, 11,  8,  0,  6, 14,  7, 11,  2,  6,  0,  3, 11, 12,  6,
        16, 12,  8, 11,  9,  0, 11, 15,  5,  1,  5, 10, 14, 13,  8,  2,  3,  3,
        10, 10,  9, 12, 10, 10, 13,  0,  7,  2, 12,  6,  1,  4,  9, 12, 10, 14,
         1, 12,  5,  1, 11,  1,  8,  7,  6, 11,  2, 14,  8,  8, 13,  0,  7,  4,
        15, 15, 15,  7,  3,  6, 12, 16, 16,  4, 15,  5,  2, 14, 14,  0,  4,  4,
        15,  2,  9,  0,  9,  3,  2,  6,  1,  5], device='cuda:0'), tensor([ 8,  5, 16,  7,  6, 16,  1, 16, 15, 13, 10,  2,  3, 10,  9,  0, 15, 11,
        12,  0,  4, 11,  6,  6,  3, 11,  7,  1,  8,  2, 10,  4,  4, 16, 14,  2,
         7,  3, 16,  3,  3,  8, 12,  2,  8, 11, 10, 11,  7,  9,  6, 16, 14, 12,
         5,  4,  1, 12,  2,  9, 13,  6,  7,  5, 12,  8,  7,  5, 13, 12, 16,  9,
         4,  2, 10,  6,  0, 11,  7,  5, 14,  1, 15,  3, 10,  5, 14,  1, 12, 11,
        14, 13,  4, 12,  1,  4, 15,  3,  1,  5,  0,  0,  6,  5, 16,  9,  3,  0,
         9, 14,  1, 13, 15, 13,  2, 11,  2,  9, 14,  0, 14,  9, 15, 10, 10,  8,
         6,  7, 15, 15, 13,  0,  8, 13,  8,  4], device='cuda:0'), tensor([ 3,  3,  0,  8,  0,  9,  9,  7, 16,  7,  0,  6,  3, 10, 15, 12, 10,  3,
         1, 13, 12,  5, 15,  4,  9,  5, 15, 11,  0, 14,  1,  2,  4,  4, 11,  1,
         7,  6, 11, 16,  9, 15,  6,  1,  7, 12,  4,  2, 16, 15,  4,  3,  5,  8,
        13,  5, 12, 11,  8, 16,  6,  8, 16,  8,  7, 10, 10,  2, 16, 13,  7, 14,
         6, 10, 10,  7, 13,  9, 12,  2,  0, 14, 14, 11,  2,  4, 10, 13,  3, 11,
        12,  5,  5,  0, 10, 14, 15, 14,  2,  6,  5,  1,  2,  9, 12, 13, 13, 13,
         5,  6,  2, 14,  8,  4, 14,  1, 11,  8,  3, 16,  6,  3, 11,  1,  0, 15,
         1,  8, 12,  7, 15,  0,  9,  4,  9, 16], device='cuda:0'), tensor([14,  7, 10, 12, 12,  9,  3, 16,  1,  3,  0, 13, 13,  7, 15,  4,  9,  8,
         0, 11, 15,  4,  3, 15,  3,  2, 11, 10, 15, 12,  5,  4, 13,  5, 12,  2,
        10, 16, 15,  4, 11,  3,  7, 14,  1,  6,  1, 14,  6, 10, 13, 11, 10, 11,
         5,  8,  3, 12,  9,  4,  2,  0,  4,  4, 16,  8, 12, 14,  1,  2, 15,  5,
         0, 13, 14, 12, 12,  9,  9,  3, 11,  8,  9,  5, 14,  2, 11, 10,  7, 13,
         6, 16, 11, 16,  0,  0, 10,  7,  8,  7,  4,  5,  5,  2,  1,  9,  8,  0,
        14,  7, 10,  3,  6,  6,  8,  1,  6, 14,  2,  0,  1, 13,  8,  7, 15,  1,
        16, 13,  5,  6, 15,  6, 16,  2,  9, 16], device='cuda:0'), tensor([13, 11, 10, 12, 14,  1,  3,  1, 11, 12,  5,  2,  3,  7,  0, 14,  0, 11,
         0,  7, 11,  8,  5, 14,  7, 15,  6,  9, 14,  0,  2, 14, 12,  8,  8,  4,
         3,  9, 10, 14, 16, 11, 16, 11, 13,  9,  0,  9, 16,  4, 13,  5,  6,  6,
         0,  1, 10,  7,  1, 15, 12, 15,  6, 12,  6,  1,  9, 16,  3, 11,  8,  5,
         5,  0, 16, 14,  3, 11, 14, 15,  5, 10, 15, 13,  1, 13, 10,  2,  4, 10,
         2, 13,  2,  1,  9,  0,  8,  4, 12,  9,  7,  4,  2, 10,  1, 15, 13,  3,
         8,  7, 12,  4, 15,  7,  7,  8,  3,  5, 12,  4,  6, 13,  2,  8,  5,  6,
         3, 16, 16, 10,  2,  6,  4, 16, 15,  9], device='cuda:0'), tensor([ 1,  3,  2, 14, 14, 14, 11,  8,  9, 10, 13,  2,  6,  4,  4,  2,  3,  0,
        12,  2, 13,  9,  0, 12,  9,  8, 16, 13,  4, 16,  8,  2, 15,  3,  0,  8,
         4, 15,  1, 15,  1, 15, 13,  7, 16,  9, 16, 14,  5,  6, 12, 14, 16,  6,
         3, 16,  1, 12, 16, 10,  0, 15,  7,  5, 14,  2, 12, 10,  4,  6,  9, 10,
        10, 14,  5,  0,  3, 11,  1, 15, 10, 13,  6, 10,  3,  6, 11,  9,  5, 10,
        12,  5, 16,  4,  0, 14,  8,  4, 15,  9,  1, 11,  0, 13,  5,  8,  3,  1,
         7,  9, 12, 15,  3, 13,  2, 11,  7,  8,  5, 13,  7,  5,  7,  7,  0,  2,
        12,  6,  7,  1, 11,  8,  6, 11, 11,  4], device='cuda:0'), tensor([ 3, 16,  2,  0,  3, 12, 13,  4, 14, 13,  2, 11,  9,  2,  6, 14, 10,  9,
        13,  6,  1,  8, 11,  6, 15, 15, 10, 11,  9,  9, 15, 10, 14,  9, 14,  5,
         4,  5,  7,  7,  4,  8,  4,  1,  7, 12, 12,  8,  5, 11,  5, 11,  5, 14,
        13, 15,  3, 15,  0,  1, 14,  2,  0, 16,  6,  4,  6, 10, 13,  1,  5,  1,
         5,  3, 10,  8, 14, 13,  6,  8, 14, 12,  5,  0, 12,  4,  0,  7,  2, 15,
         9, 10,  1, 16, 13,  7,  7, 16, 13, 12,  3,  4,  2, 11, 16,  0, 16,  3,
        15,  0,  1,  7,  6,  2,  6,  8, 10,  8,  8,  2, 12,  1,  0, 11, 16,  4,
         3, 11,  7, 15, 16,  9, 10,  3,  9, 12], device='cuda:0'), tensor([14,  2, 13,  7,  5,  3,  4,  7,  3,  1, 14,  2,  7,  7,  6, 13, 14,  6,
         9, 12,  8, 12,  0,  9,  0, 10, 16,  9, 15, 16,  0, 12, 13,  0,  5,  2,
         2,  5, 16,  8, 12, 16,  4, 12,  8, 14, 11, 11,  0,  4,  3,  5, 11,  1,
         2,  1, 15,  7,  1,  9, 13, 14,  7,  4,  0,  0,  6, 15,  8,  0,  2,  6,
         9, 11,  9,  1,  3, 15,  9,  5,  8, 16, 10, 15,  1,  4,  2,  3,  7, 14,
        14, 15, 12,  6,  6,  5, 10, 12,  6,  4,  4,  8,  6, 13,  8, 13, 13, 10,
        16,  3,  5,  3, 10,  9, 16,  3, 10, 15, 13, 16, 14, 11,  8,  7, 11,  1,
        15, 10, 11,  5, 12, 10,  1,  2,  4, 11], device='cuda:0'), tensor([10,  2, 10,  6,  9,  7,  1,  0,  9,  6, 15,  5,  3,  6, 13,  1, 15,  8,
         9, 16,  2,  5, 10,  2,  2,  3,  0, 14, 14,  9, 11,  5, 11,  7, 14, 14,
         0,  6,  4,  1, 16,  5, 15,  9,  8,  9, 14, 10,  8, 13, 16, 11,  7,  8,
         9,  0, 15,  2,  3, 12,  0, 11,  6,  8, 11,  4, 12,  8, 13,  7,  7,  5,
         3,  4, 16,  5,  8, 14, 12, 15, 13, 10, 15, 11,  4, 13, 14,  6, 15,  7,
         1, 16,  2,  1,  0,  8,  2,  3,  4, 15, 12,  3,  6, 12, 12,  7, 13, 10,
        16, 11,  9,  1,  5,  3, 13, 16, 16,  0, 12,  6, 10, 11,  4,  1,  0,  4,
         5,  7,  4,  1,  2, 13, 10, 14,  3, 12], device='cuda:0'), tensor([ 8,  0,  2,  4,  3, 12, 16,  8, 12, 16, 15, 12,  7, 13,  9, 16,  5,  9,
         8, 14,  2, 15,  1,  9,  3, 12, 16,  3,  4,  0, 11,  8,  9,  8, 10,  9,
         0,  4, 14,  7,  4, 11, 16,  2, 13,  6, 14,  4,  9, 15, 13,  6, 11, 12,
        11,  8,  6, 16, 11,  0,  6,  5,  5,  4,  3, 12, 11,  3,  5,  1,  5, 15,
        14, 16,  6, 12,  5, 10,  2, 13,  2,  0, 14,  3,  0,  1, 10,  7,  9,  2,
        15, 13,  4,  7,  1, 11,  2,  1, 13, 10,  6,  3,  7,  4, 15,  2, 10,  6,
         1, 10,  1, 13,  6,  5,  0,  1, 14, 16,  7,  8, 10,  7, 14,  0, 13,  7,
        10,  3, 15, 14,  8, 11, 12, 15,  9,  5], device='cuda:0'), tensor([10, 10, 11,  0,  6, 12,  2,  4, 14,  6, 15, 11,  3,  1, 16, 16,  2,  5,
        10,  2, 13,  8,  5,  4, 11,  7, 16,  0, 12,  3,  3,  5,  7, 14, 12, 13,
         1,  7,  6, 16,  8,  1,  1, 10,  9,  7, 15,  9,  4,  9,  2, 15,  3, 10,
         9, 11, 11,  0,  1, 13, 11,  0,  9, 16,  2,  5, 15, 12,  0, 15,  9,  5,
        13,  8, 13,  4,  6,  7, 14,  8,  8,  2, 12,  0,  9, 15,  8,  1, 14,  3,
        12,  4,  4,  0, 12,  6, 16, 16, 14, 13, 15, 10,  6,  2,  5, 11, 10, 16,
        13,  1,  0, 12,  9, 14,  2, 15,  4,  5,  4,  5,  8, 14,  3,  7, 13,  6,
         7, 14,  3,  6,  8,  1,  3, 11,  7, 10], device='cuda:0'), tensor([ 1,  3,  6, 15,  7, 14, 13,  0,  7, 16,  7,  7,  4, 10, 12,  2,  5, 12,
        12, 16,  2, 14,  4, 16,  9,  1,  4, 16, 14, 10,  5,  7, 10, 13,  3,  0,
        13,  5,  3,  3,  2,  0,  5,  1, 15, 15,  7,  6,  4,  9,  9, 12,  8,  6,
         2,  2, 16,  6, 13,  3, 10, 16,  7, 12, 15,  8,  2,  1, 15, 13, 11, 10,
         2,  3,  0,  5,  8,  8, 11,  7, 11, 16, 14, 14, 14,  6,  9, 14,  3, 11,
         8, 10, 13,  0, 15, 13,  0,  5,  4, 14,  5, 13,  3,  1,  0,  6,  1,  1,
         8, 15, 10,  9, 11,  4, 12,  0,  8,  6,  9,  4, 11,  6,  2, 12, 11,  9,
         9,  5,  4,  1, 16, 11, 12, 15, 10,  8], device='cuda:0'), tensor([10,  5, 10,  4, 10, 15,  9, 13, 14,  0,  3,  1, 12, 16, 13,  4,  6,  9,
         5,  2, 15, 13, 16, 11,  6, 14,  0, 11, 15,  0,  7, 10,  1,  5,  8,  2,
        13,  7,  8, 12,  5,  0, 14, 12,  3,  2,  6, 14,  3, 12,  0,  9, 12,  5,
        12,  4,  4, 16, 10,  3, 15,  7, 11, 10,  4,  9,  3, 14,  1,  1, 13,  2,
        12, 10,  3,  4, 16,  8, 11,  2,  5,  6, 13,  8, 11, 12,  5, 16,  7,  1,
        13,  7,  9,  8, 16,  3,  2, 13, 16,  1,  8,  6, 16, 11,  1, 14,  0,  8,
         2, 15,  0, 15,  6,  2,  7,  1,  6, 10,  9, 11, 15,  4,  5, 11,  8,  9,
         7, 15,  7, 14,  6,  4,  9, 14,  0,  3], device='cuda:0'), tensor([15, 13, 16,  0, 14, 10,  0, 14,  8,  8, 15, 10,  9,  5, 16,  0, 16, 11,
        11, 10,  9,  1,  5, 11,  8,  1,  0, 15, 13,  6,  8, 12,  6,  0,  6,  8,
         1,  4,  7,  1,  4, 11, 12, 16,  8,  3,  7, 11, 12,  2, 15, 15,  7,  9,
        12,  4,  4,  3,  5,  5,  4,  7, 16, 11, 15,  5,  4,  1,  6, 12,  5, 11,
         1, 16,  0, 14,  9, 12, 13, 10,  2,  7,  3, 10, 11,  0, 14,  5, 15, 14,
        16, 12,  6, 14,  8, 13, 10,  2, 13,  9,  2,  3,  9,  9,  6, 10,  3,  2,
        10,  3,  2,  5, 12,  6,  6,  8, 13,  2, 14,  4, 13, 13, 16,  4,  3,  7,
         3,  7, 14,  1,  0,  9,  1,  2, 15,  7], device='cuda:0'), tensor([10,  7, 11,  6, 15, 12,  6, 14,  1,  5,  0,  1,  0,  9,  3,  7,  2,  7,
        10, 11, 12, 14, 14,  7,  3,  2, 13,  3,  0, 11, 11,  9,  8, 12,  9,  7,
        14, 13, 15,  0, 16, 10,  2, 10,  6,  2,  1, 10, 15, 13, 11,  4,  0, 14,
         4, 13, 10,  5,  4,  7, 13, 10,  6,  3,  2, 15,  8, 14, 13, 13,  9,  9,
         9,  3,  4, 15,  8,  0, 12, 15,  5, 16,  8,  4,  8,  4,  5, 16,  1,  0,
         2, 11,  0, 13, 12, 14, 16,  5,  6,  2, 12,  9,  1, 16,  8,  8, 12,  1,
        12, 14,  8,  6, 10,  6,  2,  3,  4, 16,  1,  6, 15,  9,  5,  3, 11, 11,
         7, 16,  5, 16,  1,  3,  5, 15,  4,  7], device='cuda:0'), tensor([12,  6, 12, 14,  9, 14,  3, 14,  9, 10,  6,  9, 11,  0,  0, 10, 10,  5,
         7, 11, 13,  6, 10,  0, 16, 13,  9,  2,  1,  8, 11, 11, 16,  7,  0,  2,
        15, 12,  2,  6, 14, 14,  0, 15,  3,  4,  8,  1,  6, 13, 13, 10, 13,  6,
         1,  2,  3,  0,  6,  7,  6,  7,  9,  8,  4, 16, 13,  8, 12, 16, 16,  3,
         3,  4, 12,  8, 13, 10, 15, 11,  8,  9, 11, 11, 15,  5,  5,  2,  1,  8,
        14,  1, 10, 10,  7,  9,  2,  2,  4,  2,  5,  0, 16,  5, 16,  7,  3, 12,
        14,  5, 12,  9, 12,  7, 15,  1, 11,  8,  0,  3,  4,  1,  3, 15, 15,  5,
         5,  4,  7, 13,  4,  1, 14,  4, 15, 16], device='cuda:0'), tensor([ 3, 13,  2, 14,  2, 16, 16, 16, 11,  8, 13,  6,  5, 10,  7, 12, 13, 11,
        14,  0, 12, 11,  1,  5,  3, 10,  4,  2,  0,  0, 10,  2,  3,  2,  6, 13,
        16,  3,  6,  7, 11, 10,  4,  5, 14,  7,  0, 14,  4, 15, 16,  8, 14, 16,
         2,  7,  9, 15, 10, 10,  3,  1, 10,  3, 12,  9, 11, 13, 12, 12,  6,  7,
         6,  1,  4, 11, 15,  6,  1,  8,  3,  8,  5,  2, 12,  0,  1,  7, 14,  5,
         8,  1, 12, 15, 16,  6, 10,  4,  0,  5,  9,  9,  9,  6, 11,  8,  5,  1,
        14,  0,  4, 12, 13, 14, 13,  1,  0,  5, 15, 11,  7, 15, 16,  2, 13, 15,
         3,  4,  9,  9,  8,  8,  7,  9,  4, 15], device='cuda:0'), tensor([ 9,  3, 11,  7,  7,  0, 14,  1, 15,  2,  8, 14,  4,  9,  4,  5,  2,  1,
         4, 10, 16,  8, 15, 11, 11,  5, 11, 14, 15, 14,  2,  1,  6,  3,  1, 16,
         5,  3, 10, 12, 16,  4,  8, 15,  5, 12,  8,  9, 13,  1, 15, 12, 13,  9,
         0, 13, 11,  7,  0,  3,  9, 10,  6, 15,  2, 10, 15, 14,  4,  5,  9,  4,
         3,  1, 12,  0,  5, 15,  3, 13, 10,  0,  1,  5,  9, 16,  6, 12, 16, 13,
         2, 12,  8,  7, 10,  0,  2, 12, 16,  0, 16,  1,  6,  7,  8,  7,  8,  6,
         9, 10, 11, 13,  7,  0,  3,  2,  6,  4,  7,  6,  4, 14, 10, 11, 13, 14,
         8,  3,  2, 11,  6, 14, 16, 13,  5, 12], device='cuda:0'), tensor([15, 11,  6, 13, 14,  1,  0, 15,  3,  1,  0,  2, 10,  3,  7,  9,  9, 15,
         3,  6,  8,  2,  2, 11,  7,  8,  4,  4,  0,  4, 16,  3,  1,  9,  2, 14,
         9,  0, 10, 16,  6,  4,  4,  5, 15, 15,  9, 14, 16, 10,  6,  9,  7, 13,
         8, 12, 10, 11, 14,  0,  1, 12, 11,  6,  2, 10, 16, 12,  3,  5, 12,  3,
        12,  7,  8, 15, 12, 12,  7,  1,  1,  4, 16,  5,  7, 14,  0, 11, 13, 15,
         8, 11, 14, 14, 16,  0, 13,  0,  9,  2,  5,  6,  7,  3,  5, 10,  8, 13,
         4, 10, 11, 11,  6,  2,  5,  9, 12,  1,  4, 10,  5, 16, 15,  8, 13, 13,
        13,  3, 16,  7,  2,  8,  1,  6, 14,  5], device='cuda:0'), tensor([ 8,  8,  8, 15,  5,  3, 13,  9, 16,  0,  1,  0,  6, 15,  5, 10,  2,  9,
        14, 12,  3,  5,  4,  2,  4, 15, 12,  1,  9, 12, 15, 13,  1,  9, 16, 12,
        10,  0,  9, 14, 10, 11,  5,  1,  1,  2, 10,  7,  5,  0,  1,  8, 10,  3,
        14,  9, 11, 16,  4,  2,  5, 13,  3, 10,  7,  8,  6, 16,  4, 15,  2, 12,
        14,  9, 11,  4, 10, 16, 12, 13,  8,  1, 14,  0, 13, 11, 16,  2, 13, 14,
         4, 16,  0,  1, 16,  3,  6, 10,  8,  6,  3, 15,  5, 11,  3,  2,  3,  6,
        11,  6,  5,  4,  7,  7,  2,  7,  6,  9,  8,  7, 12,  6, 13, 12, 11, 14,
         4, 11,  7, 13, 15,  0,  0,  7, 14, 15], device='cuda:0'), tensor([ 0,  6,  5,  0,  1,  3,  7,  9,  0, 11,  5,  4,  0,  4,  8, 11,  7,  5,
        10,  6, 16,  1, 14, 15, 14,  6,  4,  3,  8, 10,  3,  9,  2, 16, 12,  6,
         3, 13,  2, 16,  7,  6, 13, 12,  8,  3,  8, 13,  4, 12,  9,  1,  7,  2,
         0, 15, 15,  0,  1,  2,  3, 10,  6, 16,  0, 13, 11, 16, 16, 12,  2,  5,
        10, 11,  2, 10,  9, 11, 16, 12,  1, 14,  8, 10,  6,  4,  9, 13, 15,  0,
         9,  8,  3,  8, 14,  6, 15, 13,  4, 11, 13, 11, 15,  2,  2, 12, 10,  4,
         7,  7, 15, 14,  1, 16, 12,  3,  8, 10, 12,  9, 14,  7,  4, 14,  9, 11,
         5, 15, 14,  1,  1,  7,  5, 13,  5,  5], device='cuda:0'), tensor([16, 10, 11,  3,  9, 13, 16,  0, 10, 12, 12,  4, 15, 13,  8,  4,  2,  7,
         1, 10, 14,  7,  1,  3,  0,  6, 10,  2,  9,  9,  0, 15,  1,  9, 10,  3,
         3,  4, 15, 16, 13,  0, 15, 12, 11, 10, 11, 15,  5,  6, 11,  3,  0,  1,
         0,  2,  1, 13, 12,  2,  0, 13, 14, 14,  6,  5, 14,  4,  2, 12,  7,  6,
         9,  9,  8,  8,  0,  6, 11,  5, 15,  4,  7,  2,  5, 16, 14, 12, 15,  7,
         4,  3,  1,  5,  1,  5,  7, 16,  5, 15, 12, 14,  7,  8,  9, 11, 16,  3,
         3,  4,  9,  6, 14,  8,  7,  1, 10,  5,  4, 13, 12,  6,  8, 14,  2, 13,
        11, 13, 16, 16,  8, 10, 11,  2,  6,  8], device='cuda:0'), tensor([ 9,  4,  1, 16, 10, 14, 14,  9,  8,  2, 15,  4,  0,  7,  0,  1, 15,  3,
         4, 11,  4, 13,  7, 13,  4,  5,  9, 14, 10, 12,  8, 13,  7,  0, 12,  0,
         8,  6,  1, 15, 12, 12,  6,  7, 13,  5,  4,  9,  3,  2,  3, 14,  6,  2,
         5,  9,  2,  1,  1,  0, 15, 10, 12,  3,  6, 16, 15, 14,  4, 14,  8, 10,
         0,  2, 12,  0, 13,  5,  5,  6, 13,  2, 11, 11, 11, 16,  3,  7,  8, 12,
         3, 11,  8, 14,  1, 14,  9, 16, 15,  6,  2,  7,  5,  8,  3,  9, 13,  7,
         2, 10, 11, 12, 16,  3, 11, 10, 16,  9, 11,  6,  5,  1,  1, 15, 10, 16,
         7,  0,  6,  4, 16,  8, 15, 13,  5, 10], device='cuda:0'), tensor([ 5,  9, 15,  3, 12,  4, 10,  5,  7,  4,  3,  9, 16, 16,  9, 15,  2,  9,
         4,  2,  7,  8, 13,  2,  3,  7,  5,  6, 13, 14,  5,  1,  3,  1,  0,  7,
        12, 16, 11,  9,  6, 14,  7,  6,  2, 10,  2,  6,  0, 10,  6, 13, 15, 13,
        15,  8, 11, 12, 14, 11, 12, 11, 16,  1,  1, 13,  8,  5,  1, 10,  0, 16,
         7,  4,  1, 10,  8, 14,  9,  5,  6, 12,  1, 14, 13, 12, 11,  0, 12, 11,
         4, 11, 13, 12,  7, 14,  9,  2, 16,  7,  8,  3,  5, 15,  0, 10, 14,  4,
        14,  8, 13,  2, 10,  3, 15, 15, 11,  9,  8, 15, 16,  8,  3,  3,  6,  0,
        10,  0,  6,  4,  2,  5, 16,  0,  1,  4], device='cuda:0'), tensor([11,  7, 16, 16,  3,  2, 16, 15, 13, 10, 11, 14,  3,  3,  6, 15, 10, 12,
        15,  7,  5,  7, 10,  6, 13,  8, 10,  6, 14,  0,  2, 14, 12, 12, 11, 11,
         2, 12,  4,  3, 15,  8,  4,  7,  9, 10,  8, 15,  8, 10,  5,  3,  2,  3,
         4, 15,  8,  0,  4,  5,  9, 13,  3,  1, 12,  0, 14, 10,  0, 13, 15,  6,
         4,  9, 11,  3,  4,  8,  1,  1, 10,  5, 13,  1,  9,  7,  1, 14,  1, 16,
        12,  5,  2,  5,  8, 16,  1, 11,  0,  6,  2, 16,  8, 12, 16,  2, 14,  4,
        13, 12,  6,  9,  0,  7, 14, 11,  6,  7,  2,  6, 13,  4,  7, 13,  9, 15,
        14, 11,  9,  5,  9, 16,  0,  0,  1,  5], device='cuda:0'), tensor([ 6,  1,  0, 12,  8, 13,  3, 12,  2,  5,  6,  9, 11,  5,  6,  3,  8,  2,
         9, 10,  6,  4, 10,  9, 11,  3,  4,  9, 11,  8, 10,  3,  8, 10,  3,  2,
         0, 12,  7, 14, 16,  4,  1,  2,  8, 10,  4,  5,  4,  9, 13,  0,  4,  5,
        14,  5,  1,  1,  1,  4,  8,  3,  6, 16,  7,  2,  6, 14, 13,  7,  7, 12,
        16,  5, 12, 12,  0, 15, 14,  4,  6, 15,  5,  8, 11, 16, 16,  2, 13,  6,
        10, 15, 13,  5,  1, 14,  8,  0,  9,  2, 11, 14,  2,  3, 14, 16, 16, 15,
         1, 11, 13, 15, 11,  7, 11, 13,  0,  0,  9, 12, 10, 13,  0,  9,  7, 16,
         1, 10,  7, 14,  3, 15, 15,  7, 15, 12], device='cuda:0'), tensor([11,  7,  8, 16,  6, 14, 15,  1,  0,  3,  8, 16, 10, 10, 10, 11, 16, 13,
         4, 10,  3, 13, 12, 10, 11, 14,  9, 16, 16,  7,  2,  0,  5, 11,  7,  4,
        12,  5,  7,  3,  3, 15, 12,  8,  1, 11,  3,  4, 15, 14,  6, 13,  9,  9,
         8, 13, 15, 15, 16,  2,  9,  0, 11,  5,  1,  2, 10,  7, 10,  5, 11,  5,
         3,  4,  9, 12,  0,  6,  2,  7,  4,  7,  8, 13, 10,  6, 12,  0,  6,  2,
         3,  1,  2, 16,  7,  1, 12,  0,  2,  8,  5,  9, 13,  9,  5, 15,  5,  2,
         4,  9,  4, 14, 14, 12,  0, 16, 13,  1, 15,  4, 14,  1, 14,  8, 14, 12,
         1,  0, 13,  8,  6,  6, 15,  6,  3, 11], device='cuda:0'), tensor([10,  5,  3,  1, 13, 16,  4, 16,  3,  8,  0, 11,  1,  7,  0,  5,  9, 12,
        10,  3,  8,  1, 12, 15,  5,  8, 10, 13, 14,  9, 11,  1,  2, 14, 11, 14,
         2, 15, 13, 14,  1,  9, 16,  8, 11,  9,  5,  8,  0,  2, 15, 11, 16, 12,
         8,  4,  3,  4,  6,  2,  5, 14,  2,  3, 12,  9, 16,  5, 15,  1, 16,  0,
         8,  2,  1,  2,  1,  9, 14, 12, 15, 15, 12, 10,  7,  6,  6, 10,  6, 10,
        15, 13,  0,  0,  9, 15,  4, 10, 12,  6, 11,  3, 14,  5,  7, 11,  7, 11,
         3,  4, 16, 12,  3, 10,  2, 13,  8, 13,  9, 13, 14,  0,  5,  0,  6,  6,
        16,  7,  7,  7,  4,  6,  4,  4, 13,  7], device='cuda:0'), tensor([14, 14, 11,  7,  3,  2,  3, 13, 13, 13,  3, 15,  1,  0,  2,  6, 14,  4,
         2, 15,  7,  2,  6, 15,  4, 16,  8, 10, 16, 10,  4,  9,  8,  0, 12, 14,
        15,  3,  1,  8, 14,  5,  1, 15,  6, 12,  1, 13,  1,  0,  8,  9,  9,  2,
        10,  5,  5,  8,  0,  1,  3,  3,  4, 16,  4,  2,  3,  1, 16,  9,  5, 16,
        12, 10, 11,  6,  9, 13, 12, 13,  5,  6, 16, 10,  0, 12,  9,  6,  4, 16,
        11,  2,  6, 10,  0, 11,  5, 13, 14,  4, 16,  3,  8,  1, 10, 13,  7,  5,
         7,  0, 10,  5, 11, 12,  7, 11,  7, 12, 15, 14,  7,  6, 11,  8, 12, 14,
        15,  7, 11,  0, 15,  9,  8,  2,  9,  4], device='cuda:0'), tensor([ 9, 13, 11, 16, 15,  6, 12,  6,  8,  6, 10,  5, 14,  6,  1,  7,  9,  4,
         5,  5,  8,  3, 14, 14,  8, 14,  0, 12,  7, 16, 16,  4, 11,  9, 15, 11,
         9, 16, 13,  0,  4, 12, 15,  9,  2,  7,  8, 13, 13, 13,  3, 12,  2, 15,
         1,  7, 11, 15, 13,  1,  8,  2, 10,  2, 10,  0,  0, 10,  6, 12,  2,  3,
        12,  3, 11,  9,  4,  0,  9, 16,  5, 16, 13,  6,  5,  4,  3,  3,  7, 16,
        10, 11, 15, 13,  1,  8,  1, 12, 12,  4,  1,  6, 15,  3,  2,  8,  0,  0,
        16,  2,  1, 10, 11,  5,  4,  9,  4,  5,  3, 11,  0,  7, 15,  8, 10,  7,
        14, 10, 14,  6, 14,  5,  7, 14,  1,  2], device='cuda:0'), tensor([ 9, 10,  5,  9, 15, 11, 13, 10, 12,  8, 11,  7,  5, 14,  4,  6,  6, 12,
        16, 14,  3, 16, 15,  0,  3, 15, 16, 12,  3,  2,  7,  0,  3, 16,  0,  9,
         8, 11,  5,  6,  2, 11,  7,  4,  3, 12,  3,  1, 15,  3,  8,  1,  5, 16,
         3,  1,  2,  4, 10, 13,  2, 12, 11, 13, 10,  8,  6, 14, 14,  9,  6, 13,
         7,  5,  0,  1, 14, 16, 10, 11, 15, 12,  7, 10, 14,  4,  0,  5,  1, 13,
         2,  0, 16, 16, 10, 13, 13,  1, 15, 14,  7,  6,  7,  4, 12,  8, 15, 10,
        11,  5,  8,  6,  4,  5, 14,  1,  1, 13,  4,  8,  2,  9,  0,  9,  4,  8,
         9,  6,  7,  0,  2,  2, 11, 12, 15,  9], device='cuda:0')]
