[Model Info]
Model_name: VAN_lr1e-5_b16_e50
Model: VAN

[Model Training Configurations]
Dataset: Oxford_17
Loss function: CrossEntropyLoss
Optimizer: Adam
Learning rate: 1e-05
Momentum: None
Epoches: 50
Batch size: 16

[Model Training Results]
Train loss log: [183.52293062210083, 171.06067991256714, 166.35286211967468, 163.79371809959412, 162.0222041606903, 160.1573338508606, 158.73190188407898, 157.10063636302948, 156.10676383972168, 153.57745444774628, 151.8381896018982, 150.17005348205566, 147.78552556037903, 144.61581361293793, 142.97368144989014, 138.5605744123459, 137.6851292848587, 134.22149872779846, 131.5651811361313, 129.09843063354492, 128.3255639076233, 125.11609148979187, 125.01174426078796, 123.65174281597137, 120.26287400722504, 119.75152933597565, 116.75316941738129, 115.79697632789612, 115.44366645812988, 112.2878509759903, 111.64378941059113, 109.84436178207397, 107.72791194915771, 105.91183650493622, 105.5201884508133, 103.78299129009247, 102.66743564605713, 102.33486533164978, 100.06534361839294, 99.62795674800873, 98.53898537158966, 97.26985883712769, 94.87128227949142, 94.32307201623917, 92.82851004600525, 92.09749191999435, 89.80419683456421, 90.14073067903519, 88.42290598154068, 89.50828611850739]
Train accuracy log: [0.12867647058823528, 0.19117647058823528, 0.19761029411764705, 0.21599264705882354, 0.21599264705882354, 0.23805147058823528, 0.23713235294117646, 0.2536764705882353, 0.25919117647058826, 0.27941176470588236, 0.2922794117647059, 0.2977941176470588, 0.30514705882352944, 0.3161764705882353, 0.3400735294117647, 0.35110294117647056, 0.37224264705882354, 0.3740808823529412, 0.38419117647058826, 0.39797794117647056, 0.39705882352941174, 0.40441176470588236, 0.4099264705882353, 0.41911764705882354, 0.44485294117647056, 0.42922794117647056, 0.4540441176470588, 0.4577205882352941, 0.46139705882352944, 0.4852941176470588, 0.46599264705882354, 0.49172794117647056, 0.5018382352941176, 0.5137867647058824, 0.4944852941176471, 0.5183823529411765, 0.5266544117647058, 0.5147058823529411, 0.5248161764705882, 0.5340073529411765, 0.5523897058823529, 0.5376838235294118, 0.5505514705882353, 0.5514705882352942, 0.5698529411764706, 0.5615808823529411, 0.5808823529411765, 0.5661764705882353, 0.5873161764705882, 0.5808823529411765]
Train accuracy 5 log: [0.5211397058823529, 0.6488970588235294, 0.6590073529411765, 0.6617647058823529, 0.6801470588235294, 0.7113970588235294, 0.6966911764705882, 0.7178308823529411, 0.7270220588235294, 0.7426470588235294, 0.7444852941176471, 0.7610294117647058, 0.7729779411764706, 0.7931985294117647, 0.8005514705882353, 0.8253676470588235, 0.8152573529411765, 0.8336397058823529, 0.8501838235294118, 0.8621323529411765, 0.8529411764705882, 0.8538602941176471, 0.8731617647058824, 0.8621323529411765, 0.8887867647058824, 0.8795955882352942, 0.8887867647058824, 0.8805147058823529, 0.8952205882352942, 0.8887867647058824, 0.9025735294117647, 0.8897058823529411, 0.90625, 0.9136029411764706, 0.9163602941176471, 0.9145220588235294, 0.9136029411764706, 0.9227941176470589, 0.9191176470588235, 0.9264705882352942, 0.9227941176470589, 0.9384191176470589, 0.9347426470588235, 0.9365808823529411, 0.9310661764705882, 0.9384191176470589, 0.9402573529411765, 0.9375, 0.9485294117647058, 0.9329044117647058]
Val accuracy log: [0.16176470588235295, 0.21323529411764705, 0.22794117647058823, 0.23529411764705882, 0.2426470588235294, 0.27205882352941174, 0.3161764705882353, 0.2867647058823529, 0.3014705882352941, 0.3161764705882353, 0.35294117647058826, 0.3161764705882353, 0.33088235294117646, 0.36764705882352944, 0.33088235294117646, 0.36764705882352944, 0.375, 0.35294117647058826, 0.39705882352941174, 0.38235294117647056, 0.40441176470588236, 0.4338235294117647, 0.41911764705882354, 0.45588235294117646, 0.4485294117647059, 0.4411764705882353, 0.47058823529411764, 0.49264705882352944, 0.5073529411764706, 0.5147058823529411, 0.5073529411764706, 0.5073529411764706, 0.5367647058823529, 0.5073529411764706, 0.5294117647058824, 0.5367647058823529, 0.5294117647058824, 0.5294117647058824, 0.5808823529411765, 0.5735294117647058, 0.5661764705882353, 0.5588235294117647, 0.5735294117647058, 0.5661764705882353, 0.5661764705882353, 0.5882352941176471, 0.5808823529411765, 0.625, 0.6176470588235294, 0.6102941176470589]
Val accuracy 5 log: [0.6617647058823529, 0.6617647058823529, 0.6764705882352942, 0.7058823529411765, 0.7205882352941176, 0.7205882352941176, 0.75, 0.7352941176470589, 0.7573529411764706, 0.7867647058823529, 0.7720588235294118, 0.7794117647058824, 0.7867647058823529, 0.8088235294117647, 0.8161764705882353, 0.8088235294117647, 0.8455882352941176, 0.8308823529411765, 0.8455882352941176, 0.8676470588235294, 0.875, 0.875, 0.8897058823529411, 0.8823529411764706, 0.875, 0.8823529411764706, 0.8823529411764706, 0.8897058823529411, 0.8823529411764706, 0.9117647058823529, 0.9117647058823529, 0.8970588235294118, 0.9044117647058824, 0.8970588235294118, 0.9117647058823529, 0.8897058823529411, 0.9117647058823529, 0.9117647058823529, 0.9191176470588235, 0.9411764705882353, 0.9191176470588235, 0.9264705882352942, 0.9485294117647058, 0.9338235294117647, 0.9485294117647058, 0.9558823529411765, 0.9264705882352942, 0.9485294117647058, 0.9411764705882353, 0.9264705882352942]
Train time (s): 1175.75
Time per epoch (s): 23.52
Model train predictions: [tensor([ 7, 15, 16,  ..., 10, 11,  0], device='cuda:0'), tensor([ 1,  4, 10,  ..., 10, 11,  4], device='cuda:0'), tensor([13, 11, 12,  ..., 10,  6,  1], device='cuda:0'), tensor([ 6, 10, 15,  ..., 11, 12, 16], device='cuda:0'), tensor([ 1, 13,  4,  ...,  6, 12, 16], device='cuda:0'), tensor([ 1,  6,  4,  ...,  4,  9, 13], device='cuda:0'), tensor([10, 12, 13,  ...,  7, 10, 11], device='cuda:0'), tensor([12,  1,  6,  ...,  4, 13,  4], device='cuda:0'), tensor([16, 11, 13,  ...,  9, 15, 10], device='cuda:0'), tensor([10, 11, 12,  ..., 11, 12,  4], device='cuda:0'), tensor([13, 11, 10,  ...,  6,  2, 10], device='cuda:0'), tensor([13,  1, 10,  ..., 12, 10,  1], device='cuda:0'), tensor([ 4, 10,  4,  ...,  1, 11,  1], device='cuda:0'), tensor([ 9, 16,  3,  ...,  3,  1, 10], device='cuda:0'), tensor([10,  9,  2,  ...,  7, 14,  5], device='cuda:0'), tensor([ 1, 13,  4,  ..., 10,  1, 12], device='cuda:0'), tensor([13,  4,  7,  ..., 16,  0, 10], device='cuda:0'), tensor([10, 16,  6,  ..., 11, 13,  7], device='cuda:0'), tensor([10, 15,  2,  ...,  4, 10, 11], device='cuda:0'), tensor([11,  4,  2,  ..., 16, 12, 11], device='cuda:0'), tensor([ 9, 14, 10,  ...,  7, 13, 12], device='cuda:0'), tensor([11,  1, 11,  ..., 16,  3, 10], device='cuda:0'), tensor([12,  5,  9,  ...,  2, 15, 14], device='cuda:0'), tensor([14,  4,  7,  ..., 12,  1,  2], device='cuda:0'), tensor([ 3,  1, 13,  ..., 11,  6,  7], device='cuda:0'), tensor([14,  6,  9,  ...,  5, 12, 16], device='cuda:0'), tensor([ 5,  7,  0,  ..., 14, 11,  6], device='cuda:0'), tensor([1, 1, 5,  ..., 4, 2, 4], device='cuda:0'), tensor([ 5, 10,  9,  ...,  8, 14, 11], device='cuda:0'), tensor([15, 16,  8,  ..., 12,  4, 12], device='cuda:0'), tensor([ 9, 13,  2,  ..., 10, 16,  6], device='cuda:0'), tensor([10,  0,  0,  ...,  4,  7,  0], device='cuda:0'), tensor([14, 16,  2,  ..., 12,  8, 10], device='cuda:0'), tensor([ 0, 12,  9,  ...,  9, 10,  5], device='cuda:0'), tensor([15,  4,  8,  ...,  5, 12,  6], device='cuda:0'), tensor([12,  1, 10,  ..., 14,  2, 14], device='cuda:0'), tensor([ 8,  9,  5,  ..., 10,  2, 12], device='cuda:0'), tensor([11, 12,  8,  ..., 12, 10,  1], device='cuda:0'), tensor([ 1, 12,  3,  ...,  6, 16,  7], device='cuda:0'), tensor([12,  3, 11,  ...,  5, 11,  2], device='cuda:0'), tensor([ 9,  6,  6,  ...,  8, 13, 10], device='cuda:0'), tensor([ 3, 14,  8,  ..., 16,  2,  5], device='cuda:0'), tensor([10, 12, 12,  ...,  4, 11,  8], device='cuda:0'), tensor([ 3,  5,  9,  ...,  0, 11,  2], device='cuda:0'), tensor([ 9,  7,  4,  ...,  4, 15, 14], device='cuda:0'), tensor([ 1, 10, 15,  ..., 14, 16,  0], device='cuda:0'), tensor([ 6,  9,  1,  ...,  2,  3, 11], device='cuda:0'), tensor([11,  3,  5,  ...,  6,  3,  7], device='cuda:0'), tensor([16,  4, 12,  ...,  2,  2,  1], device='cuda:0'), tensor([5, 1, 9,  ..., 1, 7, 4], device='cuda:0')]
Model train labels: [tensor([ 9,  4, 15,  ...,  5,  5, 15], device='cuda:0'), tensor([ 3,  6,  9,  ...,  2, 11,  2], device='cuda:0'), tensor([13, 11, 16,  ..., 10, 15,  1], device='cuda:0'), tensor([ 4, 10, 15,  ...,  9, 11, 11], device='cuda:0'), tensor([ 4,  2,  4,  ...,  6, 12, 12], device='cuda:0'), tensor([ 0,  6,  3,  ...,  5,  3, 13], device='cuda:0'), tensor([ 5, 12,  1,  ...,  2,  0, 12], device='cuda:0'), tensor([13, 13, 15,  ...,  3,  3,  5], device='cuda:0'), tensor([ 8,  5,  3,  ...,  9,  0, 15], device='cuda:0'), tensor([10, 11, 10,  ..., 16, 12,  6], device='cuda:0'), tensor([16,  9, 10,  ...,  4,  7, 11], device='cuda:0'), tensor([ 0,  6,  7,  ...,  1, 15,  1], device='cuda:0'), tensor([ 4,  2,  6,  ...,  3, 11,  1], device='cuda:0'), tensor([ 7, 16, 12,  ...,  0,  1,  5], device='cuda:0'), tensor([ 5, 12,  2,  ..., 13, 14,  3], device='cuda:0'), tensor([ 1, 14,  6,  ..., 15,  3,  8], device='cuda:0'), tensor([13,  6,  7,  ..., 10, 15, 10], device='cuda:0'), tensor([ 7, 16,  6,  ..., 11,  6, 10], device='cuda:0'), tensor([10,  9,  2,  ...,  6, 10,  6], device='cuda:0'), tensor([11,  6,  8,  ..., 12, 12, 11], device='cuda:0'), tensor([ 9, 14,  2,  ...,  7, 13, 12], device='cuda:0'), tensor([ 5,  6, 10,  ..., 16,  4,  5], device='cuda:0'), tensor([12,  5, 10,  ...,  7, 15,  5], device='cuda:0'), tensor([16,  6, 12,  ..., 12,  0,  8], device='cuda:0'), tensor([0, 1, 4,  ..., 8, 4, 7], device='cuda:0'), tensor([15,  4,  9,  ..., 11,  9, 16], device='cuda:0'), tensor([ 5,  7,  0,  ...,  1, 11,  6], device='cuda:0'), tensor([14,  1, 10,  ...,  5,  2,  1], device='cuda:0'), tensor([ 3,  7, 12,  ..., 13, 14, 11], device='cuda:0'), tensor([ 1, 16,  8,  ..., 12,  4, 11], device='cuda:0'), tensor([ 5,  0,  2,  ..., 10, 16,  5], device='cuda:0'), tensor([0, 0, 0,  ..., 4, 7, 0], device='cuda:0'), tensor([12, 16,  7,  ...,  8,  8,  8], device='cuda:0'), tensor([ 0,  9,  9,  ...,  3, 10, 15], device='cuda:0'), tensor([ 4,  4,  8,  ...,  5, 16,  6], device='cuda:0'), tensor([16,  1, 10,  ..., 14,  7, 13], device='cuda:0'), tensor([ 8, 10, 15,  ..., 10,  2, 16], device='cuda:0'), tensor([ 8, 12,  8,  ..., 12,  7,  1], device='cuda:0'), tensor([ 1, 12,  5,  ...,  6, 16,  7], device='cuda:0'), tensor([15,  3,  9,  ...,  5, 16, 10], device='cuda:0'), tensor([ 0,  6,  3,  ...,  8, 11,  7], device='cuda:0'), tensor([ 3, 14,  8,  ..., 16,  2, 15], device='cuda:0'), tensor([10, 16, 12,  ...,  3, 13,  8], device='cuda:0'), tensor([ 0,  5,  9,  ...,  4, 11,  2], device='cuda:0'), tensor([ 9, 10,  0,  ...,  5, 15, 13], device='cuda:0'), tensor([ 1, 16, 15,  ..., 14, 16,  6], device='cuda:0'), tensor([ 4, 10,  2,  ...,  2, 15, 13], device='cuda:0'), tensor([10,  3, 15,  ...,  4,  4,  7], device='cuda:0'), tensor([16,  4, 12,  ...,  7, 10,  3], device='cuda:0'), tensor([ 4, 13, 12,  ...,  1,  7,  4], device='cuda:0')]
Model val predictions: [tensor([13, 12,  6,  6,  2, 12, 12, 10, 12, 10, 12, 10, 10,  2, 12, 13, 10,  6,
        11,  4,  2,  6,  2, 16,  1,  1, 13,  4,  4,  6,  4, 13,  6, 10,  6,  1,
        12, 10,  6, 13,  6, 11, 12, 13, 16, 13,  2, 12, 13,  1, 13, 13, 16, 10,
        10,  2,  2, 11, 12, 13,  1, 10,  2,  2, 13, 10,  4,  6, 12,  4, 13, 11,
         2, 12,  2, 13, 11, 16,  6,  2,  6, 12,  6, 16,  2, 16,  1,  4,  4,  4,
        10, 10, 12, 11, 13, 13,  4, 13,  6,  6, 11, 12, 16,  6,  2, 13,  6, 12,
        11, 13,  4,  6,  2, 12, 10,  6, 16,  6,  4,  6, 10,  2, 12, 13, 11, 10,
        13, 13, 12, 12,  6, 13, 13, 13, 13,  1], device='cuda:0'), tensor([ 9,  1, 11,  6, 10, 16, 13,  9,  4,  4, 12, 10, 13, 12, 12, 11,  1, 11,
        16, 11, 13, 12, 12, 12,  1, 11,  4, 12,  6,  4, 10,  6, 13, 11, 11, 12,
         1,  1, 12, 10, 11, 13,  6, 13, 15,  1, 11,  1, 16,  6, 10,  6, 13, 12,
        10, 10,  6, 10, 12,  6, 12,  4, 13, 12, 10, 11, 11,  9, 13, 12, 13, 16,
         1, 10, 15, 12, 10, 12,  9, 12,  6, 13,  6, 13, 10, 16, 11,  6, 11,  1,
        13, 13, 10,  1, 12,  9, 16, 12, 13, 13,  9,  1,  1, 11,  6, 13,  1,  1,
         9,  3,  9, 12,  1,  4, 10, 13,  1,  1, 12,  6, 10, 11,  9, 13, 13, 13,
        13, 16,  3, 16, 15,  6,  6, 13, 11, 10], device='cuda:0'), tensor([ 6, 12,  9,  4, 10, 12, 11, 12, 11, 10, 13, 13,  6, 13, 12, 10,  4,  6,
        12, 13,  6, 10,  6, 12,  1,  6, 10, 13, 12, 10, 13, 11, 11, 12, 11,  9,
        13,  4, 10, 12, 11,  6, 11, 11,  9, 12, 11, 10,  9, 13, 13, 10,  1,  6,
         6, 13, 10,  6,  4, 12, 12,  6, 12, 12, 10,  6, 11,  4, 12, 13,  1,  6,
        11, 12, 11,  1, 12, 13, 11,  6,  4, 11,  6, 12, 13,  0, 10, 11, 10,  9,
        12,  1,  4, 12, 12,  9, 12, 10,  1, 11,  1, 12,  9,  4, 10,  1, 12, 10,
        10, 12,  4, 12, 15,  4, 16, 13, 13,  9, 11,  9, 12, 12, 10,  1,  6,  9,
        12, 11,  4,  6,  1,  1,  6, 12, 12, 10], device='cuda:0'), tensor([ 1, 13,  4, 12, 12,  6,  4, 10,  4,  9, 11, 11, 13, 16, 11, 12, 16, 16,
         4,  9,  4, 16,  6, 10, 10,  1, 10, 11,  4, 13,  6, 13, 13,  4,  9, 10,
         4,  4,  7, 13,  4, 11,  1, 11, 16, 10, 10, 11,  4, 13,  9, 11, 13, 12,
         4, 12, 13,  1, 12,  4,  4, 11,  1,  7, 11, 13,  6, 11,  4, 11,  2, 12,
         2,  2, 10,  9,  4,  4,  1,  2, 10, 13, 10, 10, 10, 11, 12, 10, 16,  4,
         1, 12,  9, 11, 11, 10, 13, 15, 12, 10,  1,  1, 10, 11, 12,  4,  4, 11,
         1,  4, 15,  4, 16, 12, 11, 12, 13, 11, 16, 11,  4,  1, 13, 13, 12, 13,
        13,  1, 13, 10, 13, 11, 11,  4,  4, 11], device='cuda:0'), tensor([ 4, 11,  2,  2, 12, 13, 10,  1, 11,  1,  6, 13, 11,  9,  2,  0,  6, 12,
        11, 12, 12, 12,  4, 15, 16,  3,  4, 12,  3, 12, 13, 12, 11, 10,  3, 13,
         1,  3, 16,  4,  1,  1, 11, 13,  4, 11,  4, 12, 12,  1, 12,  2,  1, 13,
        11,  3, 11, 14,  3, 11, 10, 13, 11,  3, 10,  1,  4,  3, 12,  9, 13,  9,
         6, 12,  4, 11, 10, 10, 13, 13, 12, 13, 12,  1, 12, 10,  6, 10,  7, 12,
         3, 11, 13,  1, 12, 10,  4,  2, 13,  6,  1, 13, 10, 10, 12, 10, 12,  1,
        11,  1,  2,  9, 12, 12, 13, 12,  3, 10, 12, 12, 12, 11,  1, 12, 11, 11,
        11,  9,  1,  6, 12,  4,  2,  1, 13,  2], device='cuda:0'), tensor([ 4, 13,  4,  3, 12, 10,  4, 13, 12,  1, 12, 11,  4, 12, 10,  4, 11,  6,
         1,  1, 12,  4, 10, 10, 10, 13, 12,  4, 12, 12,  4,  4, 12,  4,  9, 12,
         7,  4,  4, 12,  9, 13,  9, 12,  4,  1,  3,  3,  9,  3,  1, 13, 10, 13,
         7, 13, 12,  4, 15, 11, 12, 11, 13,  1, 12, 13, 13, 12,  2, 11,  4, 13,
        11, 13, 15, 13,  1, 15, 12, 12, 11,  4,  4, 11, 10,  1,  2, 12,  7,  2,
        12, 12,  4,  4, 10, 12, 12, 13,  3,  3, 10, 10,  4, 13,  1, 12, 10, 12,
         4,  4,  3,  9, 10,  4, 10, 15,  2, 10, 11,  1, 10,  4, 15,  4, 10, 12,
        13,  3, 15,  1, 12, 10, 12, 12, 10, 11], device='cuda:0'), tensor([13,  2, 13, 13, 13,  3,  1, 13, 10, 11,  3, 12, 13,  6, 12,  6, 12,  1,
        12,  4,  2,  1, 11,  1, 13, 11, 12,  1, 11,  4, 12, 11,  1,  4,  2, 13,
         7, 12,  4,  9, 10, 10, 12, 15, 11, 13, 12, 13, 12,  2, 13, 10,  4, 11,
         4, 15,  1, 12, 10, 13,  2, 11,  9,  6, 10, 10, 11,  1,  9, 10,  6,  1,
        11, 11, 15, 11,  2, 13, 11, 13,  0,  4, 12,  2,  9, 12, 12, 12, 12, 11,
         6, 12,  4,  2,  2, 12,  4,  4, 10, 12, 11, 10,  4,  7, 10,  4,  2, 10,
         4, 12,  2,  9, 10, 11, 12, 11, 15,  0,  2,  4,  6, 10, 15,  4, 13,  1,
        15,  4, 15, 10, 11, 12,  4, 15, 11, 12], device='cuda:0'), tensor([ 3, 12,  4, 12,  2, 10,  4, 13, 10, 12,  3, 15,  3,  1,  4,  4, 11,  4,
        12, 12, 12, 10, 13, 10, 16,  2,  4,  1,  4, 10, 13, 10, 12, 11,  2, 10,
         3,  4, 10,  4, 12, 11, 12,  4,  2,  6, 13, 11,  0, 11,  2,  1, 13, 11,
        10,  2,  2,  6,  2, 15,  4, 12, 12, 13, 11, 13,  6,  1,  4,  9,  1, 13,
         6,  0, 12,  2, 13, 13,  0, 10, 12, 13,  4, 11,  2, 13, 12,  1, 12, 13,
        12,  4, 13, 15, 10,  2, 11, 13,  4, 10,  1, 11,  1,  1, 12, 10,  4,  2,
        12, 16, 12,  3,  9, 12,  2,  4, 10,  2,  2,  4, 11,  1,  6, 11, 10, 11,
        10, 11, 12, 13, 11,  4,  7,  2, 15, 10], device='cuda:0'), tensor([13, 11,  6, 10, 11,  6,  3, 10, 12,  7,  2, 12, 16,  6, 10,  9,  6,  1,
         6,  1, 13, 13,  2, 13,  3,  0,  7,  4, 13, 13,  1, 11, 10, 10,  3,  2,
        11,  1,  2, 12,  3, 13,  6,  1,  4, 10, 10, 12, 13,  4, 11,  2, 11,  2,
        10, 13, 12, 11, 13,  2, 11, 13,  4, 11, 15, 12,  4,  7, 15,  9,  3,  1,
        15, 12, 12, 12,  3, 15, 11,  2, 16, 13,  2, 13,  1, 12, 10,  4,  9,  2,
         4, 10, 10, 11,  2, 12,  3,  1, 12,  6, 12, 10, 10,  2,  2, 13, 12,  4,
         4,  6,  1, 10,  2, 10, 13, 15,  1, 13, 12,  2, 12, 12,  3, 12,  3,  6,
        12, 13, 12,  1,  3,  2, 11, 13,  6,  4], device='cuda:0'), tensor([ 9,  1,  6,  4, 10, 13, 11, 13,  3,  2, 10,  3,  4,  4,  4, 11,  2,  4,
         9, 10,  3,  2,  1, 10, 12,  4,  1, 11,  9, 10, 12, 12,  0, 13,  4,  7,
         4,  4,  2, 13,  6, 12,  1, 11,  0, 12, 11,  1,  0,  1,  3, 10, 10, 10,
        12, 13,  9,  6, 12,  1, 11, 12,  2,  2, 11, 13,  0, 11,  4,  2, 13, 12,
        13,  2,  2, 11, 13, 12, 12, 12,  4,  2, 10,  3,  5, 10, 11,  4,  4, 13,
        12,  6,  3,  4,  4,  2, 14, 13,  2,  1, 11, 12, 12,  1, 13, 16,  1,  1,
        10,  3,  7,  7, 13, 12, 13,  2,  6,  6, 15,  1, 11, 13, 10,  5, 13, 15,
        10,  2, 13, 10,  2,  6, 12, 12, 10, 10], device='cuda:0'), tensor([12, 10,  0, 13,  5, 12, 13,  0, 11,  4, 12, 11,  9,  2, 11,  7,  3, 11,
         1,  1,  4,  9, 12,  6,  6, 15,  2, 10,  2,  1,  9, 13,  3, 10, 10,  4,
        10,  9, 10,  1, 11,  3,  2,  1,  9, 13, 12, 10,  4, 12,  2, 12, 10, 13,
         2,  9, 15,  3, 13, 12, 13, 10,  3, 11, 12,  1, 12, 11, 13,  7,  1,  4,
         4, 12,  2,  4, 12,  1,  0, 13, 13,  2, 14,  3, 12,  4, 13,  2,  1, 12,
         7,  3,  9, 10, 13, 12, 10, 13,  3,  2, 16, 11, 10,  2, 12, 12, 12, 12,
         6,  4,  3, 13, 15,  4, 11,  2,  6,  4, 10,  4,  2, 10,  6, 12, 12, 12,
         2,  2,  1,  9,  3, 10, 12,  2,  4,  6], device='cuda:0'), tensor([10,  2,  0, 10, 12,  5, 10, 11,  7,  7,  9, 10, 11,  2, 10,  2,  1, 11,
         4,  6,  4,  3, 10, 10,  4, 10, 13, 12,  1,  1, 10,  9,  1,  7,  6,  6,
         1, 13,  3, 16, 11, 16, 11,  4,  6,  0, 12,  0,  0, 11, 11,  2,  6, 12,
         1, 12, 11, 12,  2,  9, 13, 10, 13, 16,  3,  1, 12, 15, 15, 13,  4, 10,
         6,  4, 11, 11,  3, 12, 12,  7,  4, 12,  9, 11, 13,  4, 10, 12, 10, 12,
         4,  4,  2, 12,  4,  4,  7,  2,  1, 12, 10,  0, 12, 12,  2,  7,  2, 11,
         4,  4,  4,  9, 13,  2, 12,  3, 12, 11, 12,  0,  1,  2, 11, 12, 12, 11,
        12, 13,  6, 13, 10,  4,  2, 10, 12,  3], device='cuda:0'), tensor([ 5, 12, 12,  3,  1, 10, 13, 12, 14, 12,  4,  4,  1,  2, 12, 10,  2,  2,
         5, 12, 10, 12,  4, 11,  9, 16,  2, 15,  2,  2,  9, 10, 10,  4, 12, 12,
        10, 12,  9,  9, 11,  4,  4, 13,  2,  5,  3, 12,  9,  2,  3,  4,  7,  1,
         2,  7,  3, 13,  1,  4,  4,  9,  1,  1, 12,  2, 10,  2,  3, 16,  2, 13,
         1,  9,  2,  1,  2, 13,  2, 10, 16,  1, 12,  4, 13, 12,  3, 12, 12,  1,
        12, 10,  7,  2, 11,  1, 12, 12,  3,  4,  2,  2, 10, 13, 12, 11,  3, 12,
        11,  4, 11, 12,  4,  4, 15, 13, 12, 13,  4,  7, 11,  3,  1, 13,  6, 13,
         2,  2,  0,  4,  9,  3, 13,  2,  3,  4], device='cuda:0'), tensor([ 1,  7, 13,  4,  4, 10, 11,  9, 12, 10, 13, 10, 13,  6, 12,  1,  3,  4,
        10,  6,  4, 13,  3,  4, 13,  2, 16, 16, 11, 12, 16, 13, 10, 15, 12,  0,
        13, 13, 12,  2,  3, 12,  4, 11,  3, 12,  2,  2,  5,  3, 12,  2, 10,  1,
         7,  6, 12,  4,  4,  9,  2,  2,  9,  4, 16, 10,  4,  1, 11,  4,  3,  5,
        13, 10,  3,  1, 12,  2, 12,  3, 13,  7,  1, 12,  2,  2, 11,  6, 10, 12,
         6,  2, 14,  1,  3,  5,  2,  2,  2, 15, 10,  4,  2,  9,  2,  9,  1, 13,
        11,  4, 10,  4, 12,  4, 13, 13,  1, 11,  3,  5, 12, 15,  3,  7, 12,  9,
         2,  6, 11,  2,  4, 11,  1,  4, 13,  3], device='cuda:0'), tensor([ 4,  0, 16,  1, 13, 10, 16, 16, 13,  4,  4,  2, 12,  1,  2, 12,  5,  5,
        13, 11,  4,  4, 12, 12,  9,  2,  9,  4,  2,  2, 10, 16, 13,  1,  4, 13,
         2, 15, 12,  6, 11,  2,  5,  6,  2, 11, 10,  0,  0,  6, 10,  2, 11, 16,
         3, 11, 13, 13,  4,  5,  3,  2, 10,  2,  0,  2, 11, 12, 13,  1, 10, 10,
         2, 10, 11, 15, 10, 10,  4,  2,  1,  2,  7,  7, 11, 12,  1,  0,  1,  3,
        12,  6,  2, 11, 10,  1,  9,  2,  1,  3,  1, 13,  2, 16,  6,  2,  3,  1,
        12,  9,  5, 11,  1, 11, 12,  2,  1,  0, 11,  1,  4,  7, 12,  7,  3, 13,
         4, 12, 12,  4,  2,  1, 12,  9,  4, 13], device='cuda:0'), tensor([ 1,  9,  1,  1, 15, 11, 12, 12,  4,  2, 13,  6, 12, 10,  0,  7,  1,  7,
        12, 12,  4,  1,  7, 11,  6,  3,  2, 12,  3, 10,  2,  1,  1,  4, 14, 15,
        11, 13,  1, 12,  2,  4,  2,  2,  6, 12,  6,  2,  2,  3,  0,  2, 13,  5,
        11, 12,  4,  2,  5, 10, 16,  4, 11,  9,  9, 10,  5,  6, 10,  7, 12, 11,
         3, 14,  2,  2, 12, 15,  6,  4,  1, 13,  2, 12, 13, 10,  4, 12, 11,  0,
        12, 12, 11,  2,  2, 12,  9,  4, 12,  6,  6, 16,  0, 12,  1,  1, 13,  2,
         3, 11, 13,  2,  1, 12,  2, 12,  7,  9,  2,  4, 10, 12,  2,  2, 13,  3,
         7, 11, 10,  1, 13, 11, 10,  2,  3,  5], device='cuda:0'), tensor([ 9,  2, 11,  0,  7,  4,  1,  7,  0,  2, 11,  5,  1, 16, 11,  9, 10, 10,
        15,  1,  9,  2,  2,  4,  6,  2,  4, 13, 11,  4,  2,  1,  5,  6,  9, 15,
         3,  0,  2, 10,  7,  4,  9, 12,  6, 16, 12,  5, 14,  3, 12,  4,  4,  0,
        12, 12, 12,  2, 12,  2,  2,  6,  1,  1, 12,  0,  2, 11,  7,  6, 13, 11,
        16, 12,  2,  4, 13,  1,  2, 16, 10, 10, 13,  4,  5,  4, 11, 10, 13, 13,
         2,  5, 14,  5,  7,  4,  1,  4,  1,  1, 10,  4,  6,  9,  4,  3,  3, 13,
         9,  7,  4,  2,  2, 16, 11,  1,  1, 12,  9, 12, 16,  1,  2,  2, 16, 12,
        12,  1, 10,  2,  1, 11, 10, 13,  2,  3], device='cuda:0'), tensor([ 4,  0, 14,  2,  1,  7,  2, 13,  2,  1,  3, 10, 10,  0, 12, 12,  2,  3,
         9,  2, 16,  4,  9,  4, 11, 15,  1,  2,  0, 16,  9, 11,  3, 11,  2,  5,
         3, 15, 12,  3,  0,  2,  2, 13,  1, 10,  5,  4,  1,  2,  1,  9,  2,  5,
        11,  9, 12, 13,  2,  3,  9, 12,  1,  4,  2,  1,  2,  0,  4, 13, 12, 12,
        15,  4,  5, 10, 13, 10,  4, 10,  5,  6, 14,  7,  3, 12,  3,  1,  4, 11,
        13, 13, 11, 16,  5, 16, 12,  4, 11,  2, 16,  1, 13,  7, 10,  2, 13,  1,
         6,  4,  1,  4, 11, 12, 13, 13, 11,  2,  2,  7,  1,  4,  3,  3,  0,  7,
         5, 11,  2,  7,  1,  6,  1,  2,  4, 12], device='cuda:0'), tensor([ 1,  2, 10, 16,  7,  0,  4, 14, 11,  5, 11,  2, 10, 16,  2,  9, 12,  4,
         0, 10,  3, 11, 16,  2,  4,  3,  2,  3,  2, 10,  1,  5,  3,  5,  1,  2,
         4, 10,  2,  1,  5, 11,  2,  4,  9,  9,  1,  1, 11,  1,  7, 10, 16,  2,
        12,  2, 12,  4, 16, 16, 15,  2, 16, 13,  4,  6,  1, 16, 13,  6,  3,  2,
         2, 14, 13,  4,  0,  4,  3, 16, 11,  9,  0, 13,  6,  2,  9, 12,  1, 16,
         7, 12, 14,  2,  7,  3,  3, 13, 14,  1, 16,  0, 10, 10,  0,  4,  4,  0,
        11,  7, 16, 11,  1, 13,  1,  9, 16, 16,  1,  4,  4, 12,  4,  1,  9,  5,
         5,  2, 16,  1,  2,  7, 12,  2,  7, 13], device='cuda:0'), tensor([ 4,  0, 13,  1,  3,  4, 11, 10,  2, 16,  9, 13, 11,  0,  2, 16,  2, 15,
         4, 12,  6,  2,  2,  2,  2,  3,  2,  3,  0, 12,  9,  3,  4, 10,  2,  4,
        11,  2,  5, 10, 10, 15, 12,  6, 11,  1,  0,  4, 12,  2, 12,  7,  5,  2,
         1,  7,  7,  7, 16,  4,  1,  2, 12,  7, 10,  4, 16,  1, 11, 13,  7,  2,
         4,  9,  5, 12, 11,  5, 10, 13, 14,  2,  6,  3,  3,  5,  3,  6, 12,  4,
         9, 11,  3, 10,  6,  1, 16,  9, 12,  5, 11, 15,  4,  4,  1, 16,  2,  3,
        16,  1, 12,  6, 16,  1, 13,  2,  6,  1,  2,  3, 13,  9,  4, 16,  3, 10,
         0,  3, 10, 16,  1, 14, 16,  0,  0,  2], device='cuda:0'), tensor([13, 11,  0,  3, 14,  4,  0,  1, 12,  6, 16, 10,  1,  5, 12,  2, 16,  7,
         4, 11, 12,  1, 16, 14,  6, 16, 16, 10,  5,  9,  2, 13,  0,  5,  5,  9,
        11,  2, 13,  7,  7,  2, 11,  2, 12,  4,  3, 16,  1,  2,  5,  1, 10, 11,
        16, 16, 12, 16,  4, 15,  1,  6,  1,  1, 11,  0, 16, 16,  2,  2,  2, 10,
        10,  5,  7, 10,  2,  4,  9,  4, 10,  7, 12, 13,  2,  9,  3,  9, 16, 11,
         9,  4,  9,  3,  0,  2,  2, 12,  6,  4,  6,  5,  2, 11, 10,  5,  0,  2,
         2,  3, 12,  1,  2,  3,  0,  2,  3, 12,  0, 13,  6,  4,  6,  1,  1,  1,
         2,  4,  6,  7,  3, 11,  2, 13, 12, 13], device='cuda:0'), tensor([ 2, 16,  9,  3, 11, 11,  4,  2, 16, 14, 15,  2, 13,  6, 12, 12,  2,  3,
         2,  3, 10, 12,  3,  6,  2,  2,  2,  5,  2,  5, 16, 13, 16,  1,  8,  6,
         2,  9,  3,  1,  8,  6,  9,  5,  8,  2,  7,  2,  9,  4, 12,  6,  3,  6,
         3, 14,  1, 10,  7,  1,  1,  6,  5, 11,  4, 13,  4,  5, 10, 13,  1,  8,
        11,  1, 11,  3, 10, 13,  3,  3,  6,  4,  2, 16, 16,  3,  1, 13, 10, 16,
         2,  2,  1,  2, 15,  0, 16, 11,  7,  0,  5,  4,  0, 16, 12, 10, 11, 12,
         4,  0,  0,  7,  7,  1,  0, 12,  0,  2,  4, 10,  3,  7,  6, 13,  2,  2,
         5, 14, 16,  9,  1, 10,  9,  2, 16,  0], device='cuda:0'), tensor([ 0, 10,  3,  1,  5,  4, 13, 15, 16,  2,  4,  6,  1,  7,  2, 10,  5, 12,
         2, 11,  6, 12,  4,  1, 14,  1, 12, 16,  3,  6,  5,  4, 11,  5,  4,  2,
         3, 10, 14,  1, 10,  6,  4,  2,  2, 11, 16,  4, 13, 12, 16,  1,  7, 14,
         7,  9,  2,  1,  3,  3, 13,  3, 12,  2, 16, 12,  2,  3,  3,  5,  6,  7,
         4, 16,  2, 12,  5, 13, 11, 13,  9, 13,  4,  5,  1, 13,  1,  2,  0,  4,
         9,  2, 12,  3,  2, 12, 13, 12, 13,  9,  2, 13,  0,  6,  0, 16,  0, 12,
        16,  3,  7,  0,  6,  3, 12, 10, 11, 10,  8,  0,  9,  0,  2,  9,  5,  2,
         3,  7,  3,  3,  2,  6, 15,  8, 10,  2], device='cuda:0'), tensor([ 2,  4, 13,  1,  2,  2,  0,  5, 15,  9,  0,  1, 15,  1,  3,  3,  4, 11,
        16,  9,  6,  4,  2,  3, 12,  2,  4,  2,  1,  1,  5, 11,  4, 16,  4, 12,
         3,  1,  4,  3,  1, 14,  0,  4,  1,  7, 11,  4,  0,  4, 16,  0, 10, 14,
        10, 10, 15,  9,  7, 12,  3, 11, 10,  5, 16,  6, 11,  6, 11,  1, 12,  3,
         8,  5,  9,  6,  1,  3,  6,  7,  9,  5,  8, 16, 16,  9, 16, 10,  5, 16,
        16,  4, 13,  3, 10,  9,  5,  5,  7,  9, 13, 10,  5, 12, 11,  8, 14,  7,
         6,  2,  3,  1,  2, 14, 12,  2, 16,  2, 11, 16,  6, 16,  2, 15, 10,  2,
        13,  7,  2, 11,  1,  1,  0,  6,  1,  5], device='cuda:0'), tensor([10,  1,  2,  1,  0, 15,  2, 13,  3,  4,  4,  8, 11,  5,  8,  6,  0,  3,
         9,  9, 16, 13,  3, 10,  8, 11,  5,  1,  3,  7,  4,  6,  1,  8, 13,  2,
         5,  2,  3, 13, 15, 13,  2,  3, 16, 13, 11,  4, 14,  6,  2,  2,  2,  1,
        10, 16,  1,  6,  4,  9,  9,  7,  3, 13,  6, 10,  3, 12,  9, 12,  8,  1,
        11,  6, 16,  5, 13,  9,  8,  2, 12,  7, 16,  3,  0,  2,  4, 12,  2, 12,
         5, 13, 12, 10,  3, 11,  0,  8,  1,  2,  4,  9,  6, 12,  1,  6,  7,  7,
        10,  3,  5,  6, 11,  3, 16,  6,  3, 12,  5,  6,  3,  4, 13,  2, 12, 14,
        14,  1,  5,  6, 10,  2,  7,  2,  0, 11], device='cuda:0'), tensor([ 0,  7, 13, 12, 10,  9,  6, 12,  9, 12,  2, 12,  2, 14,  2,  3, 13,  9,
         3,  4, 15,  6,  7,  4, 12,  2,  2, 14, 13, 11, 12, 12,  2, 14,  2,  8,
        13,  6, 12,  7, 12, 11,  5,  3, 12,  8,  3,  0,  1,  8,  1,  5,  3,  7,
         1,  3, 16, 12, 12, 11, 10,  8, 16, 11,  9,  5,  2, 10,  6, 12,  2, 13,
         2, 11, 12,  1,  0,  5,  7, 15, 12, 16,  1,  1,  4, 10,  5, 13, 12,  6,
         7,  3,  0,  2, 10,  3,  1,  5, 10,  3, 12, 13,  8,  0,  7, 12,  2,  1,
         1,  3,  1,  1,  8,  6,  9, 12,  2, 15, 16, 10,  9,  2,  2, 16, 16,  9,
         3,  2,  2,  3, 13, 14,  8,  6, 12, 13], device='cuda:0'), tensor([ 2,  3, 12,  3,  4, 13,  8, 11,  4,  2, 11,  2, 16,  9,  8,  3, 13, 12,
         9,  8,  2,  6, 16,  2,  3, 16, 12,  3, 10,  7,  0,  4, 12, 13,  0, 10,
        11,  5,  7,  9,  8, 13, 14,  3,  3,  0,  5, 11, 10,  3, 10,  2,  7,  4,
         9,  6, 16,  6,  5,  9,  1,  0, 15,  5, 15, 12,  6,  0,  2,  9,  0, 16,
         4,  1,  3,  5,  1, 12,  5,  7,  1,  2,  0, 13,  3,  4,  1,  8,  2,  1,
         2,  9, 16,  3,  6, 11, 16, 11, 11,  2,  7,  6,  8, 10,  5,  1,  3, 10,
         2,  8, 10, 11,  3,  6,  6, 16, 14,  4,  9, 12,  2,  1,  5, 14,  1, 12,
         3,  6,  9,  7,  0,  2, 12, 11, 12,  6], device='cuda:0'), tensor([12, 16,  0,  2, 16,  3,  1,  4, 10, 15,  5,  3,  5, 13,  6,  6,  0,  4,
         2,  0,  8, 13,  4,  5, 10,  5, 12, 13,  1, 12,  8,  5,  4,  8,  2, 12,
        16,  3, 14, 10,  1, 16, 16, 13,  1, 14,  4, 11,  3, 11,  6,  9,  1,  6,
         6,  2, 10, 11, 12,  3, 16, 10,  9,  4, 15,  6, 13,  0,  6,  8,  8,  2,
         7,  3,  2, 11, 11,  0,  3, 13,  5,  3,  2,  1,  7, 10,  9,  7,  5,  1,
         6,  6,  3,  1,  2, 13,  6,  2, 16, 11,  0, 12, 11,  2,  5,  3,  1,  0,
        12, 13,  4,  2, 12,  8,  4,  9,  0,  8,  9,  0,  7,  8,  2,  2,  4,  7,
         5,  3,  2,  9,  2,  9, 15, 16, 10,  2], device='cuda:0'), tensor([ 6,  2, 11,  8, 10,  9,  9,  7,  6,  8,  3,  3,  9,  2,  8,  3,  8,  4,
         2, 13, 16,  1,  2,  2,  0,  1,  4, 12,  8, 12,  1,  4, 13,  3,  6, 12,
         2, 10,  9,  3,  1, 12, 16,  1,  2,  2,  3,  5,  3,  2,  5, 13,  5,  0,
        15,  2,  1, 11, 11,  2,  5, 10, 16,  8,  1, 16, 16,  8, 15,  5, 11, 16,
         7,  3,  5,  3, 13,  3,  5,  4,  0, 10, 15,  3, 12, 16,  1,  6, 11,  7,
        10, 16,  4,  7,  0, 10,  7,  0,  8,  8,  9, 11,  2,  3,  3,  3, 16, 14,
        16,  4, 12, 16, 13,  9, 12,  1,  9,  1, 16,  4,  9, 15,  3, 14,  0,  6,
         8,  1,  2,  2, 16,  1,  5,  6,  8,  2], device='cuda:0'), tensor([ 1,  1,  4,  5,  4, 16,  7,  6,  3,  4,  0,  2,  5,  1,  6, 11,  2,  2,
         9,  6,  3, 16, 14, 16,  6, 12,  2,  6,  1, 16,  1, 10,  8,  8,  8,  6,
         1,  2, 10, 11, 11,  8,  6, 16, 11,  3,  2,  7,  2,  1,  5,  9,  5,  3,
        12, 11, 15,  2, 15, 11, 16,  5, 12,  0,  8,  1, 16,  6,  9,  8, 10,  5,
         3,  0,  3, 13,  3,  4, 15, 11,  0,  8, 16,  2,  7,  3,  9,  8, 12,  5,
         2,  2,  3,  4,  3, 15,  3, 14,  3, 13, 10, 10,  0,  1,  0,  5, 12, 16,
        12,  9, 16,  1, 13,  2,  1, 13,  3, 16,  2, 10, 16,  7,  0,  8, 11, 11,
         6,  7,  9,  2, 15,  3,  2, 14, 10,  8], device='cuda:0'), tensor([11,  8, 12,  0,  2, 13, 12,  3, 10, 13,  3,  2,  8,  1,  1,  6,  3, 10,
        14, 11,  3,  6,  9, 14,  9, 11,  1,  9,  9, 10,  3,  0, 16,  1,  7,  3,
         9,  2,  5,  2,  8,  7,  6,  1, 11,  0,  3,  3,  6, 16,  3,  8,  3,  2,
         0, 15,  7, 12,  1, 15,  9,  1, 13, 12,  2, 12,  7,  6,  1,  1, 14, 12,
         3,  5,  5, 11, 15, 10,  2,  6, 12, 12,  2, 10,  3,  2,  8,  6, 11,  2,
         2,  6,  9,  5, 11, 16, 16,  8, 13,  0, 16, 10, 10,  7,  4,  4,  2,  5,
         2,  0,  6,  8,  5,  5,  8,  2, 12,  5,  3,  2,  1, 11, 16,  3,  6,  7,
         4,  1, 13,  3, 16, 13, 10, 11,  8,  3], device='cuda:0'), tensor([11,  5, 13,  5, 12,  3,  8,  8,  5, 10, 12, 16, 12,  8,  1,  7,  9,  0,
         2,  6, 13,  4,  9,  9, 16,  4,  5, 13,  3,  2,  8, 13,  6,  8,  1,  8,
         9, 16,  3, 10, 10,  6,  8,  7,  6,  4,  0,  1, 16,  3,  9,  3,  5,  4,
        11,  5,  8,  5,  1,  1,  3, 16,  6, 16,  0,  4,  3,  4,  0,  2,  7, 12,
         1, 14, 10, 12,  3, 15,  8,  2, 10,  2,  2, 16,  3,  1, 14,  3,  2, 11,
        13, 11,  8,  4,  1,  3,  3,  1, 11,  2,  2,  9, 11,  3,  6, 15,  8, 11,
        16,  2, 12,  2,  1, 10,  7,  2,  8,  3,  4,  6,  5,  1,  7, 16, 15,  2,
        11, 11,  4, 15, 12,  2,  0,  2,  9, 14], device='cuda:0'), tensor([ 3, 15, 10, 11,  5, 12, 10,  2,  3,  2,  3, 12, 14, 11,  7, 10,  4,  3,
         3,  9, 16, 11,  2,  3,  3,  9,  1,  8,  0, 10,  3, 14,  6,  4, 10,  0,
         8,  0,  2,  1, 16, 16,  2, 12,  3, 12,  6,  6,  5, 12,  6, 16,  2,  6,
         1,  3,  2,  5, 14,  8, 12, 13, 13,  1,  4, 13,  8,  1,  6, 15, 10,  8,
         5,  2, 12,  1,  1,  9,  8, 14, 11,  6,  1,  7,  6, 16,  9,  7, 11,  8,
         3,  7, 13,  9,  5,  8,  3,  0,  8, 11,  0, 13,  4, 10, 12,  2, 16,  7,
         6,  7, 15,  0,  5, 11, 10,  1,  3, 13,  9,  2,  5, 16,  0,  9,  9, 16,
         9,  4, 11,  2,  3, 13, 16,  7,  6,  4], device='cuda:0'), tensor([ 3,  6,  0,  0, 11, 12,  1,  5,  5,  3,  6,  1, 16,  8,  1,  6,  3,  8,
         0,  9, 10,  9,  1,  6,  1,  3, 12, 11, 16,  0, 11,  6,  0,  9,  3,  3,
         5,  7,  0, 12,  5,  8, 10,  7,  5,  2,  9,  0,  9,  1, 15,  3, 11,  0,
         8,  3,  6,  1,  6,  2,  8,  8,  5,  8, 14,  6, 14,  0,  2,  8, 10,  2,
        10,  3, 15, 12,  3, 10,  8, 16,  8,  2,  5, 12, 13, 10,  1,  2,  1, 13,
         6, 14,  5,  0,  6,  0,  2,  3, 12,  7,  3,  9,  2, 13,  7,  2, 16,  1,
        11,  3,  1, 11, 12, 15,  2, 16,  6, 13,  2,  5, 12, 13,  8,  9,  2, 10,
        12,  2,  5, 11, 15,  7,  1,  4,  2,  9], device='cuda:0'), tensor([ 1,  6,  0, 16,  4, 12, 11,  0,  3,  0,  2,  5,  6,  3,  0,  6, 15,  2,
         3,  3,  4, 10, 14,  2,  9,  9, 13,  2,  8,  1,  3,  5, 10,  1,  3,  8,
         1,  8, 14, 15,  2,  2, 10,  5,  2,  0,  7, 15,  6, 16, 11,  8,  8, 13,
         2, 16,  7,  0,  1, 16,  7,  4,  5, 15,  6,  3,  5,  1, 16,  5,  5, 10,
         5,  5,  8,  8,  2, 16,  2,  2,  4,  8,  4, 16,  1, 11, 11, 16, 12,  7,
         9, 12,  0,  0, 10, 14, 15,  3,  8,  9,  8,  0,  1,  5, 13,  9,  2,  3,
        10,  1, 15,  2,  2,  9,  0,  1,  9,  0,  2,  9, 12,  0,  8,  1,  0,  1,
         0,  8, 15, 11, 11, 15, 11,  3,  9,  3], device='cuda:0'), tensor([14,  2, 11, 11, 16,  3,  3,  7,  0,  5,  4,  2,  5,  5, 11,  4,  3,  9,
        12, 16,  1,  2,  1,  3, 12,  2, 13,  3,  2, 10, 16,  5,  5,  2, 11,  1,
        10, 15,  4, 10,  8, 10,  6,  8,  3,  3,  7,  0,  9,  5,  1,  0,  1, 16,
         8, 10,  0,  6,  2,  2, 12,  8,  7, 12,  2,  0, 13, 16,  0, 15,  1,  0,
         0,  6,  6,  1,  2, 15,  8, 12, 15,  1,  5,  3,  1, 14,  0,  8,  9, 11,
         2, 12,  9, 16,  2, 13,  2,  0,  5, 10, 14,  8,  0,  3, 16,  9,  7,  5,
         3,  4, 15, 10, 12,  6,  5, 14,  9,  1, 11, 12,  0,  9,  1,  3,  8,  8,
         3,  8,  1, 16,  2,  2, 11, 13,  5,  6], device='cuda:0'), tensor([ 7,  3,  8,  9,  3,  3,  3, 11,  1,  6,  7,  8, 12, 13,  6,  8, 14,  4,
         3, 12, 16,  0,  9,  3, 10, 10,  0,  8,  3,  2,  3,  2,  0,  2,  3,  2,
         1,  2,  0,  4, 16,  6,  5, 16,  2,  8,  3,  1, 14,  5,  5, 10,  9,  8,
         3, 13,  3, 16,  5, 13,  2,  7,  5,  7,  9, 16,  6, 11,  9,  0,  1, 16,
         1, 12,  9,  0, 12,  6,  4,  8,  1, 11,  6, 10, 11, 13,  6, 11,  1,  2,
        11, 11, 10, 10, 12,  8,  9,  1,  8,  5, 12,  1,  0,  2, 15, 12, 14,  2,
         3,  8,  8, 10,  9, 14,  0,  8,  3,  0,  0, 16,  2,  2,  1,  9, 13, 12,
         0,  5,  8,  6,  5,  5,  2,  2,  6,  7], device='cuda:0'), tensor([ 1, 11,  4,  2, 16, 10,  1,  8,  0, 14,  1,  2, 13, 12,  1,  5, 11,  2,
        10,  1,  0, 12,  9,  2,  8,  6,  8, 16, 16,  3, 15, 15,  3,  2,  9,  9,
        11,  2, 14,  8,  8, 10,  3,  1,  3,  6,  2,  5,  9,  2,  3,  6, 13,  0,
         6,  7,  5,  0,  5, 16,  5,  2,  3,  7,  1, 10, 14, 12,  8,  0,  9,  2,
         5,  1,  1,  6, 16, 14,  6, 15, 15,  0,  9,  0, 16,  2,  3,  8,  8, 10,
         1,  8,  3,  5,  6,  9, 11, 11,  9,  3,  2,  5, 11, 12, 14, 11,  6, 10,
        15, 12,  0, 13, 13,  7, 12, 16,  5,  7, 11,  1,  6,  3,  3,  8, 16,  0,
        12,  0,  9,  2,  5,  3,  8,  3,  1,  6], device='cuda:0'), tensor([ 3,  8,  3,  5,  6,  6, 16, 12,  2,  2, 13,  5, 12, 11,  9,  4,  2,  8,
        10, 11,  5,  7,  8,  3,  3, 14,  1,  2,  5,  8,  8, 11,  0,  0, 15, 12,
         0,  9, 16, 11,  4,  2,  0, 10, 16,  1,  9, 13,  1,  7,  8,  0,  1,  3,
         7,  7,  8,  1,  1, 10,  1, 16,  0, 13,  8,  4,  3,  3,  5,  9,  3, 13,
        14,  2,  1, 11,  2,  2, 12,  3,  8,  9,  9,  9, 12,  5, 16, 14, 10,  0,
         2, 11,  6,  5, 16, 12,  5,  0,  3, 13,  1,  2,  0,  1, 12,  3, 11,  2,
        11,  4,  3,  6,  8,  5,  3,  7, 16, 14,  2,  5, 16, 12,  3,  2, 10, 11,
         1,  4,  9,  2,  0, 11, 10,  6,  8,  4], device='cuda:0'), tensor([ 5,  0, 12,  1,  2,  6, 16,  0,  3,  1,  7, 16,  3, 11,  5, 10,  9,  4,
         0, 15,  1, 15,  2, 14,  4,  9,  2, 11,  8,  1, 12,  4,  3,  8,  5,  5,
        14,  9,  1, 14,  9, 16, 12,  5, 15,  8,  6,  9,  0, 16,  2,  2,  7,  5,
        14, 12,  3,  2, 12,  1,  7,  0, 11,  3,  8,  8, 13,  2,  2,  0,  2,  0,
         8, 10,  3,  6,  3,  2,  3,  8,  8,  8, 11,  4, 12,  3,  9,  3,  1, 13,
         1, 16, 10,  2,  4,  2,  9, 10,  7,  4,  8, 10, 12,  9,  2,  1, 13,  1,
        12,  3,  8, 16,  0, 13, 11, 11,  0,  5,  7,  8, 10,  1,  3, 10,  5,  6,
         3,  5,  3, 11, 16, 16, 11,  8,  0,  5], device='cuda:0'), tensor([ 3,  5,  6, 12, 13, 14,  7,  3,  2,  9,  6, 11,  5,  3, 11, 13,  0,  6,
         2, 14, 15,  8, 13, 12,  9,  9, 16, 12,  3, 11,  7,  1, 10,  7, 16, 10,
         8,  9, 16,  1,  5,  7,  8, 10, 15, 16, 15,  8,  7,  9,  8, 12, 14,  0,
        16, 12,  6, 13,  0, 16, 10,  3, 10,  1,  6,  1,  3,  1,  4,  8, 12, 11,
        11,  0,  5,  9, 16, 11,  3, 16,  4,  8,  8, 15,  0,  5,  2,  1,  5,  4,
         5,  2,  1,  9,  0, 16, 10,  8,  9, 12, 12,  7,  4,  6, 16,  1,  2,  2,
         3,  3,  6,  2,  1,  3,  3, 16,  7,  2,  0, 10, 11,  3,  2,  0, 12,  3,
         7, 11, 10, 16,  5,  2,  7,  8, 11,  1], device='cuda:0'), tensor([ 8,  1,  1,  0,  7,  4,  5,  2,  3, 16, 16, 14, 13,  8,  0,  6,  8, 12,
        12,  8,  4,  7,  3,  8,  0,  5,  3,  9,  5, 10,  1, 11,  1,  0,  3,  7,
         2,  6,  8,  9,  8,  8,  9,  7, 16,  1,  0, 13,  2,  5, 10, 15,  4,  8,
        10, 10,  3,  3, 16,  9,  3,  1,  6,  4,  3, 11, 11,  1, 12,  9, 15,  3,
        16, 10,  1, 15,  5, 16, 16,  2, 14, 11, 16, 11,  5,  8, 14,  2,  9,  0,
        12,  2, 12,  0,  2,  8, 13,  1,  5,  3, 11,  0,  8,  3, 16,  4,  2, 10,
         2,  4,  1,  9, 15,  8,  7,  6,  2,  9,  0,  9,  8,  2,  3,  3, 11,  2,
         5, 10,  4,  0,  2,  3,  9, 14,  1,  1], device='cuda:0'), tensor([10, 16, 11, 14,  1,  2,  1, 12,  2, 16,  9,  4,  7,  3,  3, 15,  7,  5,
         3, 16,  0,  1,  2, 10,  8,  0,  5,  2,  1,  8, 15,  8,  2,  1,  0,  2,
         3,  8, 12, 16,  0, 14, 15, 10,  6,  8,  3,  0,  5,  6,  6,  0,  9, 14,
         8,  2,  4,  8, 13, 14,  3,  9,  8, 11, 13,  0,  9,  1, 15, 13,  4,  3,
        11,  0,  2, 12, 10,  4, 10, 10, 12,  9,  6,  3, 13, 11,  5,  4,  1, 12,
         6,  8,  2,  9, 11,  3, 16, 11,  0, 15, 15,  4,  9, 11,  4, 12,  1,  0,
        16, 11,  6,  5,  8,  9,  0, 13,  8,  1, 10,  8,  4,  3, 16,  2,  7,  2,
         0,  0,  1, 13,  9,  6, 12, 11,  2,  0], device='cuda:0'), tensor([ 8,  8, 10,  0,  4,  1,  9, 12,  9,  8,  4, 15,  8, 16,  5, 15,  0,  2,
        14, 13,  3, 12,  9,  4,  8,  8,  5, 15,  2,  8, 10,  1,  1, 12,  1,  7,
         3,  2,  0, 16,  3,  7,  3,  4,  1,  0,  2,  5,  0, 10,  8, 11, 10,  9,
         8,  7, 10,  7,  1, 13,  8, 11,  2,  1,  0, 13,  3,  1, 15,  3,  2,  6,
         5,  2,  3, 16, 10, 11,  6, 14,  6, 16,  2,  6,  9, 11,  3,  7,  0, 15,
         1,  3,  3, 16,  9,  6,  2,  4, 13,  9, 10,  3, 11,  3,  2,  1, 11,  7,
        11, 13,  1, 16, 12,  3,  5, 11, 16,  4,  2,  0,  3,  9,  0, 14,  4, 11,
         0, 12,  1,  9,  8,  8,  5, 12, 14, 16], device='cuda:0'), tensor([ 2,  1,  1,  6,  3, 16, 11, 13,  6,  1,  1,  5,  3,  2,  2,  9, 15,  9,
         6,  8,  3,  6,  6,  2,  0, 11,  1,  8, 13,  0,  4, 10, 15, 10, 16,  3,
         6, 12,  2,  0, 16,  0,  3, 16,  2,  9,  0,  5,  3, 11,  2,  3,  0, 12,
        12, 13,  9, 14,  3,  3,  5,  1,  0,  0,  2,  0,  8, 10,  8,  2, 13, 16,
         8, 13,  2, 11, 14,  6, 14, 16,  0,  0, 10,  2,  1, 12,  5, 15, 11,  8,
         8,  1,  1,  3,  5, 16, 16,  7, 10,  0, 12,  3, 16, 11,  9,  9,  1,  5,
         9,  0,  2, 11,  4,  5,  4, 13,  8,  7,  5,  8,  8,  5,  0,  0,  4, 10,
        11,  2,  8,  7,  7, 15, 12, 15,  8, 14], device='cuda:0'), tensor([ 3, 12, 13,  8,  4,  7,  2,  5, 10,  8,  3,  8,  2, 15,  8, 12, 10,  3,
         8,  4,  3,  2,  2,  7,  6,  5,  9, 14, 13,  9, 10, 11,  1,  3, 11,  0,
        13, 11,  6, 15, 16,  7,  8,  1,  5,  1, 12,  3,  4,  0,  4, 16, 14,  1,
         6,  9, 13, 12,  1,  4, 11,  8, 16,  8,  1, 15,  4, 11,  1,  7, 12,  2,
        10,  5,  9,  0,  2,  8,  0,  3,  9, 11,  1, 16,  2,  0,  8,  3,  1, 14,
         9,  3,  1,  3,  2, 10, 12,  9,  3, 15,  0, 16,  8,  1,  4,  3,  7,  2,
         2, 11,  4,  0, 15,  5,  8, 16,  7,  0,  0,  0,  2,  0, 16, 10,  2,  9,
        11,  9,  1,  2,  8,  0, 12,  4, 14, 12], device='cuda:0'), tensor([ 7,  1,  9, 12,  1,  2,  4,  9,  0, 16, 10,  5,  9, 10,  1,  8,  8, 15,
        10, 16,  6,  1,  1, 11,  0,  0,  0,  3,  3,  7, 13,  2, 14,  3, 15, 13,
        13, 12, 11,  7,  9,  2,  0,  3,  3,  2, 11,  2,  3,  0,  8,  9,  5, 16,
         5,  8,  2, 14, 13, 10, 11, 16,  8, 12, 13,  9,  0, 14,  1,  1,  3, 16,
         4,  6,  7, 16,  3, 16,  2, 11, 10,  8,  7,  6, 13,  1, 12,  2,  0,  7,
        15,  1,  5, 15, 16,  3,  2,  8, 12, 13,  4, 15,  3,  1, 14,  3,  2,  3,
         0,  2,  0,  8,  8, 12,  0,  0,  4,  8,  6, 13,  6,  4,  6, 10,  3, 12,
         6,  5, 11, 13, 14, 10,  6,  2,  2,  8], device='cuda:0'), tensor([16,  0,  4, 12,  7,  7,  1,  7, 11, 11,  8, 11,  2,  9,  3,  5,  0,  7,
         4, 16,  6, 12, 14,  2,  9, 10, 16,  8,  5, 16,  0, 12,  7,  1,  8,  2,
         3, 11, 12, 10,  1,  0,  4, 15,  3,  2, 14,  8,  7,  9,  8,  2,  9,  1,
        11, 16, 15, 14,  9, 13,  6, 12,  5,  3, 16,  1, 10, 10,  1,  3, 12, 12,
        10,  6,  0,  1,  4, 13, 11, 13,  5,  3,  6, 16, 10,  4,  3,  5, 15, 11,
         3,  2, 15,  2,  5,  1,  7,  8,  9,  7, 12, 16,  9,  8,  1,  0,  0,  5,
         0,  9, 16, 13, 14,  1,  5,  0,  9, 12,  4, 11,  1, 10,  2,  2, 13,  2,
         3,  8,  8,  8,  3,  6,  3,  3, 11,  8], device='cuda:0'), tensor([10,  1, 12, 13, 12,  1, 15,  8, 13, 12,  1, 11, 13,  3, 13,  7, 14,  7,
         9, 12, 16,  0,  0,  2, 10,  9,  2, 15,  4, 14,  6,  2,  5, 15,  0,  9,
        10,  0,  7,  9,  8,  9,  3, 11,  8,  2,  8,  8,  1,  8,  7,  3, 16, 14,
         2, 16,  1,  3, 11,  6,  3, 16,  5,  8,  7, 10,  1,  1, 11, 11,  0,  5,
         6,  0,  3,  0,  5,  8,  3,  3,  3,  0, 10,  2,  3,  6,  4,  2,  9,  2,
        10,  1, 12,  8,  5,  0,  6,  9,  3, 11,  3, 16,  0,  1,  0, 14,  1, 15,
        15,  3,  7,  2,  2,  8, 16,  4,  4, 16,  6, 12,  9, 11,  3,  8,  0, 11,
         8,  3,  9,  6, 16, 13, 12,  2, 12, 13], device='cuda:0'), tensor([ 0,  9, 12, 11,  8,  3,  5,  0,  8,  7,  3,  0,  4,  7,  9,  6,  3,  4,
         8,  3,  1, 13,  3,  9, 11,  2,  0, 12,  4,  0, 10, 16,  6, 10, 12, 16,
         8,  7,  3,  6,  2,  1,  9, 12,  0, 16,  5,  9,  5, 16, 10, 12,  3, 12,
         8, 12,  7,  2, 10,  8,  0, 11, 13,  6,  9, 10,  2,  2, 11, 13, 10,  7,
         2,  8,  3,  8,  4, 11,  1,  0,  5,  8,  2,  9,  8,  7,  8,  5, 13, 15,
         3,  1, 16, 12,  7,  1,  8, 11,  0, 14,  9,  6,  3,  7, 13, 11, 10, 14,
         0,  0,  9, 16,  0,  6,  4,  1,  7,  0,  1, 11, 16,  1,  2, 11,  1, 14,
         3, 15, 16,  2,  5, 15, 11, 14, 15,  1], device='cuda:0')]
Model val labels: [tensor([16, 12,  6,  0,  7, 13,  2,  5, 13, 10,  7, 15, 10,  8,  8,  2,  6,  9,
         7,  4,  9,  1, 14, 12,  1,  5,  7,  6,  0,  4,  3, 13,  4,  2,  3,  1,
        12, 11,  4, 16,  3, 10, 14, 13,  0,  6,  7, 14, 13,  1,  7, 12,  9, 10,
        14, 11,  9, 13,  2, 16,  1, 15, 16,  8,  3,  5,  2, 13,  2, 15, 10,  0,
        14, 11, 15, 12, 14, 12,  1,  2,  3, 15,  1, 16,  9, 12,  4, 15, 11,  6,
         5,  5, 14,  7, 16,  5,  3, 10,  3,  5,  9, 11, 14,  0,  3, 16,  4,  2,
        11, 16,  0,  4,  9, 15,  6,  4, 12,  6, 15,  6,  5, 10,  8,  0, 11, 10,
        11,  8, 13,  8,  0,  7,  8,  9,  8,  1], device='cuda:0'), tensor([14,  1, 11,  4,  5,  3,  3,  9,  0,  6,  2,  2, 13, 15,  2,  0,  4, 13,
         9, 12,  0,  2, 11,  2,  3, 11,  1, 12,  5,  0, 15,  4,  8,  7,  2,  8,
         4,  3, 12, 15, 15,  7,  2, 10, 14,  1,  7,  6,  9,  6, 10,  4,  5, 12,
        10, 10, 11, 14, 13,  9,  2, 15, 16, 12, 10,  8, 10,  7,  7, 14, 16,  0,
         4, 10,  8, 11, 11, 14, 11, 12,  6,  1, 15,  7,  5,  8, 15,  6, 16,  0,
        13, 13,  6,  1, 12,  7, 16, 14,  6, 16,  9,  3,  3, 11,  0,  8,  3,  1,
         9,  5,  8, 14,  0, 15,  5, 10,  3,  1, 13,  1,  6, 13, 16,  5,  9, 16,
         8,  7, 13, 12, 14,  4,  4, 16,  9,  5], device='cuda:0'), tensor([ 5,  8,  9, 15,  6,  3,  0,  9, 10, 11,  7,  3,  4,  8,  2, 10,  1,  1,
        14,  9,  0,  2,  0, 13,  3,  4, 10,  0, 14,  6,  6, 11,  8,  7, 15,  7,
        16,  4, 10,  8,  7, 15, 15, 13,  9, 16,  7,  2,  7, 10, 13,  5,  1,  6,
         4, 16,  5, 13,  0, 12,  2,  6, 12, 14,  5,  4, 16,  5,  2,  5,  1,  0,
        11, 12,  9,  1,  2, 13, 13,  6, 11, 16,  4, 13,  8, 14,  5, 11, 15,  8,
        11,  1,  6, 11, 12, 14,  0, 10,  1, 12,  1, 15,  9,  0, 14,  3, 12, 15,
         5, 16, 15, 14,  8,  3,  9, 16,  8, 14,  7, 16, 10,  2,  2,  6,  9, 11,
        13,  7,  4,  4,  3,  3,  3, 12, 12, 10], device='cuda:0'), tensor([ 1,  6, 15, 12, 12,  1,  4,  5,  4,  7, 12, 11,  8,  3, 10,  0,  8, 12,
         4, 16,  4, 12,  6, 10, 10,  3,  5, 16,  9, 16, 15,  9, 16,  6,  9,  5,
        11,  5,  7,  8,  3,  7,  1, 13, 12,  0,  6, 14,  0, 16,  9, 11, 10, 12,
         4, 12,  8,  1, 15,  2,  1, 11,  1,  2,  5,  0,  4, 13,  0, 13,  2, 11,
         8,  8,  7, 11,  6, 15,  3,  2,  2,  7, 10, 11, 15, 14,  7, 14, 11,  0,
         3, 14,  9, 15, 13,  6, 16, 14,  2, 10,  6,  1, 10,  7, 14,  0,  0, 15,
         3,  6, 14,  4,  9, 16, 13, 14,  5,  2,  9,  9, 13,  5,  1, 10,  8,  8,
        13,  3,  3,  5, 16,  2,  7, 15,  4, 13], device='cuda:0'), tensor([ 6, 16, 13,  8, 14, 10,  5,  4, 16,  3, 15,  9,  7, 16, 14,  0,  4, 12,
        13, 11,  7, 14,  9, 15,  0,  3, 15, 12,  8,  7,  8,  3, 13,  5,  9,  3,
         1,  3, 12, 15,  5,  3,  9,  8,  4, 13,  6,  8,  8,  0,  2,  2,  1, 16,
        12,  3,  7, 14,  4, 15,  6,  0, 10, 14, 15,  3,  0,  0,  2, 10, 16, 11,
         6, 13,  1, 11,  5,  2, 10,  7, 16,  8, 12,  1, 15, 10,  0, 10,  2,  2,
         5, 13,  8,  4, 15, 10,  4,  9,  6,  4,  1, 13, 10, 14,  9, 11,  2, 11,
         5,  1,  9,  9, 12, 16, 16, 11, 13,  6, 14, 12, 14, 11,  6, 12,  5,  0,
        11,  7,  1,  6,  7,  1,  7,  4,  5,  2], device='cuda:0'), tensor([ 6,  9,  4, 14, 14, 10, 15, 13,  7,  3, 14,  7,  6, 10,  6,  4, 11,  0,
         3,  1, 12,  4, 10, 15, 10,  7,  8,  6,  3, 14, 15,  1,  2,  4, 11,  7,
         2, 15,  4, 11, 14,  5, 11,  2,  0,  1,  0,  0,  9,  5,  3, 10,  5, 16,
        13,  8, 13,  4, 16, 16,  8, 13,  8,  6, 16,  8,  0,  2,  9, 16,  1, 16,
         9, 13, 14, 16,  1,  9,  7, 13, 12, 11,  0, 11,  5,  1,  2, 11,  7,  8,
        12, 12,  9,  2,  5, 13, 12, 16,  9,  3, 14,  5,  6,  6,  1,  9,  0, 12,
         4,  4,  3, 15,  7,  3, 11, 15,  2, 10, 15,  5,  5,  3,  7,  0, 10, 14,
         8, 13,  8,  1, 12,  6, 12, 15,  2, 10], device='cuda:0'), tensor([16,  2, 13,  8,  8,  5,  3, 16,  6, 13,  3, 16, 10,  5, 12,  0, 11,  3,
         9, 15,  2,  1, 11,  6,  5, 12, 12,  1,  5,  4, 12, 16,  1,  3,  7,  6,
         7, 14,  1, 15, 11, 10,  9, 15, 10,  0, 15,  3,  8, 13,  8,  6,  4, 16,
         6, 16,  1, 10,  5,  8,  9,  9,  9,  4, 10, 15, 13,  1,  7, 15,  6,  1,
         9, 13, 14, 15,  7,  7,  7, 16,  0, 15, 12, 13,  9, 12, 11, 12,  7, 11,
         6,  8,  4,  2,  2,  3,  4, 11, 10, 12, 13, 14,  4,  2,  2,  0,  2, 10,
         9, 14,  8, 14,  5,  5, 14,  0,  8,  0,  2,  4,  4,  5, 14,  3, 16,  3,
        11,  1,  7, 10, 13,  0,  6,  0, 11, 14], device='cuda:0'), tensor([ 3, 16, 11, 14,  8,  5,  4,  8,  2, 11, 13, 14, 14,  1,  9, 15, 11, 15,
        15,  0,  9,  5,  7,  0, 12,  2,  4,  3,  6, 10,  9, 11, 12, 13,  2,  5,
         3,  6,  5,  1,  9, 13, 12,  4,  2,  0,  6, 11,  3, 16,  8,  6, 13, 12,
        10, 14,  2, 15,  2,  7, 15, 12, 12, 16, 11, 16,  6,  1,  5,  7,  3,  5,
         4,  0,  8,  7, 16,  8,  0,  6, 14, 10,  6, 16, 13,  0, 14,  1, 12, 16,
        12,  4,  3, 11, 10,  2, 15, 10,  1, 10,  3,  7,  1,  1, 11,  5,  0,  7,
         8, 13,  3,  5, 15, 14,  9,  0, 10,  2, 16,  4,  7,  1,  4, 10, 14,  9,
         6, 13,  7,  8,  8,  4, 13,  9,  9, 15], device='cuda:0'), tensor([ 6,  9,  4,  5, 10,  6,  3,  5, 14, 13, 14, 15, 13,  4,  5, 10,  0,  1,
         6,  3,  8, 16,  7,  0,  3,  0, 13,  1, 10, 13,  1, 16, 10,  6,  0,  8,
        12,  3,  7, 11,  4, 16, 15,  1,  6, 14,  6, 11,  8,  4, 16, 13, 13,  2,
         5,  9,  0, 15,  5,  7, 11,  7, 15, 11,  8, 14,  1,  7,  9,  7, 14,  1,
        15, 12, 12,  8,  3, 14, 15,  2, 12,  8,  9,  3,  1,  8,  2,  0, 16,  2,
        15,  0, 10, 11, 13, 11,  5,  6, 12,  6,  7, 11, 10,  9,  2, 13, 16,  0,
         4,  4,  3,  5,  2, 10, 16, 15,  1,  8, 14,  2,  9, 12,  3, 12,  4,  9,
        14, 10, 12,  4,  9,  2,  7, 16,  5, 11], device='cuda:0'), tensor([15,  4,  4,  4, 10,  8, 11, 13,  5,  8,  5,  3,  4,  1,  4, 14,  2, 11,
         9, 10,  9,  8,  1, 10,  9,  5,  1, 13,  7, 11, 15, 14,  0, 16,  6, 13,
         4,  9,  2, 16,  6, 11,  3, 16,  0, 12, 10,  6,  3,  1, 13, 10,  5, 15,
        12,  6,  7, 15, 12,  1,  8, 14,  9, 13, 11,  5,  0, 13,  0, 14,  8,  8,
        10,  2,  2,  9, 16, 11, 12,  8, 15,  7, 10,  3, 15,  0, 11,  0,  6,  9,
        16,  4,  0,  1,  6,  2, 14, 16, 11,  3, 12, 14, 12,  3,  3, 13,  1,  3,
         5, 14,  7, 13,  7,  7,  0,  7, 15,  4, 16,  1,  7, 10,  2,  5, 16,  9,
         6,  2,  8, 14,  2, 15, 12, 12,  5,  6], device='cuda:0'), tensor([10, 10,  0,  8,  5,  0,  8,  0, 11,  6, 11, 10, 15,  7, 16,  7,  3,  9,
         1,  3,  1,  9, 16,  4,  4, 16,  9,  5,  8,  1,  9, 13,  3,  5,  6,  0,
        14, 11,  0,  1, 16,  4,  2,  1, 14, 16, 15,  5,  9, 14,  2, 12,  5,  8,
         8,  7, 15,  4, 16, 12,  6, 11,  3, 11, 12,  1, 14, 12,  0, 13,  4,  5,
         4,  8,  7,  4, 12,  1,  0,  8, 13,  7, 14, 14, 13,  1, 10, 13,  3,  9,
        13,  3,  9,  2,  5,  8, 10,  7,  3,  2, 12, 15, 10, 13, 14, 13, 11, 16,
         4,  6,  5, 16, 15, 11, 11,  2,  6, 15, 10, 15,  2,  6, 15,  9, 14, 12,
         2,  2,  3,  7,  6, 10, 12,  7,  6,  0], device='cuda:0'), tensor([10,  9,  0,  6, 14,  5, 10, 16,  2, 13, 14,  5, 11, 13, 10,  7,  3, 10,
         1,  4,  0,  3,  2, 10,  6,  0, 13,  8,  1,  1,  5, 15,  1,  2,  4,  6,
         1, 16,  3,  8, 13, 12, 16, 11,  6,  0, 11,  0, 15, 11, 13,  8, 15, 12,
         3, 12, 11, 14,  2,  9, 16, 15,  6, 13,  5,  1, 14, 16, 14,  8,  4, 10,
         4, 15,  9, 12,  4,  9, 11, 13,  1, 12,  9, 10,  0,  4,  5,  8,  6, 16,
         5,  9,  7, 12,  0, 15,  7,  2,  3,  9,  5,  3,  0, 12,  8,  8,  2,  7,
        13,  4,  4,  7,  5,  7, 11,  3, 16, 15, 16,  3,  1,  2,  9, 15, 14, 10,
        12,  8,  6,  7, 14,  6,  2, 11,  7, 14], device='cuda:0'), tensor([ 5, 12, 12,  3,  4,  6,  7,  9, 14,  8,  0, 11,  1,  2, 15, 10,  7,  7,
         5, 14,  5,  8,  4,  9, 11,  8, 16, 15,  9,  2, 15, 10, 10,  4, 12, 11,
         6, 12, 11,  0, 12, 15,  6,  0,  7,  5,  4, 12, 14, 10,  6, 15, 13,  1,
         7, 13,  3, 10,  3,  6,  1,  7,  3,  5,  9,  2,  5,  2,  4, 12,  8,  5,
         1,  9,  2,  1, 13, 16, 11, 11, 13,  4, 16, 15, 13, 13,  5, 14, 14,  1,
        14, 14,  8,  2, 16,  3, 16, 10,  0,  6,  9,  8, 10,  8, 11, 15,  3, 12,
        16,  4, 11, 14,  6,  0, 15,  9, 16, 16,  1,  7, 10,  3,  1, 13,  0,  6,
        13,  2,  0,  4,  7,  0,  8,  2,  3,  9], device='cuda:0'), tensor([ 1, 13,  7, 15,  4,  6, 14,  7, 12, 14,  8,  6, 16,  0,  8,  1,  3,  6,
        11,  4, 15, 16, 14,  4,  6,  7, 13, 14, 12, 10, 12,  5, 10, 15, 11,  0,
        10, 13, 12,  2,  9, 14,  0, 11,  3, 12, 11,  2,  5, 13, 12,  8,  5,  3,
         7,  0, 12,  0,  6, 14,  2,  2,  9, 11,  8, 10,  4,  3, 15,  1,  4,  5,
        13, 10,  3,  6, 14,  8, 11,  0, 16,  8,  1,  8,  2,  9, 11,  6,  5, 15,
         6,  7, 14,  3,  3,  0, 11, 13,  7, 16, 10,  4,  2,  9,  2,  7,  1,  8,
        16,  9, 10,  1, 16, 15, 16,  9,  1, 10,  5,  5, 12,  9,  5, 13,  9, 15,
         7,  4, 16,  2,  4, 13,  1, 15,  0,  3], device='cuda:0'), tensor([ 4,  3,  8,  6, 16, 10, 12, 13,  5,  4,  6,  2,  9,  5,  2, 12,  5,  0,
         7,  9,  9,  1, 11, 16, 15,  9,  7, 15,  2,  7,  5, 14, 13,  1, 15, 16,
         9, 16, 12,  6, 11,  2, 15,  4,  7, 11, 11,  0, 15,  0, 10,  2, 13, 14,
         4, 11, 10,  0,  4,  5,  3, 11, 10,  8,  0,  7, 10, 15, 16,  6, 10,  6,
         2,  5, 16,  9, 14,  6,  1,  9,  3, 13, 13, 13, 14, 12,  1,  0,  1,  3,
        14, 15,  2, 16, 10,  3,  9, 14,  1,  3,  3,  8,  8, 12,  6,  7,  0,  3,
        12, 14,  5, 10,  4, 12, 12,  2,  4, 15, 13,  1,  6,  7,  8,  8,  5, 16,
         4, 11,  8, 11, 13,  1, 14,  7,  0,  8], device='cuda:0'), tensor([ 1,  9,  1,  6, 15, 11, 11, 14,  6, 11,  8,  6, 11,  5,  0,  7,  1, 13,
        12, 16,  4,  1,  8,  8,  6,  3,  2, 12,  3, 10,  9,  3,  5,  6, 14, 16,
        11, 16,  3, 16, 10, 15,  7,  2,  4, 14,  4,  2,  5,  3, 15,  7, 13,  5,
        16,  9, 11,  2,  5, 14, 12,  1, 11, 15,  7,  6,  0,  0,  5,  9, 12, 12,
         0, 14, 13,  2,  8, 14,  4,  9,  4, 13,  2, 16,  0,  6, 15,  8, 10,  0,
        12, 14, 15,  2, 13, 12,  9,  0, 13, 15,  4, 13,  3,  0,  6,  3, 10,  7,
         4,  7, 16,  8,  1, 12, 14, 15, 13,  9,  2,  1, 10, 10,  9,  7,  5,  3,
         7, 11, 10,  1,  8, 16, 10,  8,  4,  5], device='cuda:0'), tensor([15,  8, 11,  3,  7,  4,  1,  7,  0,  2, 11,  0,  1, 13, 16,  9, 10,  5,
        16,  3, 10,  2,  2,  4,  4, 11,  0, 16, 11,  4,  8,  3,  6, 15,  9, 14,
         5, 15,  7, 10, 13,  1,  7, 16,  0,  8, 12,  5, 14,  0, 11,  6,  4,  0,
         9,  8,  8,  2, 12,  7,  2,  6,  3,  1, 14,  0, 12, 13,  9,  6,  8, 16,
        16, 12,  9,  4, 16,  5,  9, 14, 10, 14,  8, 15, 15,  6, 10, 10, 13, 13,
         2,  5, 14,  5,  8, 11,  6,  1, 14,  6,  5, 15,  4,  9, 15,  3,  3,  5,
        14, 13,  9,  2, 13, 11, 10,  4,  1, 12,  7, 16, 12,  1, 13,  7, 12, 10,
        15,  3, 11,  7,  1, 12,  6,  0,  2,  3], device='cuda:0'), tensor([11,  0,  9,  9,  6,  8, 13, 16, 11,  4,  4, 10, 10, 15, 12, 11,  7,  3,
         9,  7, 12,  4,  7, 15, 10, 14,  3,  2,  0, 13, 15, 12,  3, 13,  7,  6,
         0, 16, 12,  3,  0,  2,  2, 16,  3,  5,  5,  1,  1,  8,  1,  9,  8,  5,
        16,  7,  8, 10,  7,  4,  9,  9,  1,  6,  2,  5, 13, 15,  0, 16, 14, 12,
        14, 15,  6, 14,  8, 10,  4,  5, 15,  4, 14,  9, 15, 12, 14,  3,  1, 11,
        16,  0, 10, 11,  5, 12, 12,  6, 11,  2, 14,  1,  5, 13, 10,  2, 13,  1,
         6, 15, 14,  4, 16,  8,  8, 13,  8,  2, 11,  7,  6,  9,  3,  5,  3,  7,
         0, 11, 10, 13,  4,  0,  1,  2,  6, 16], device='cuda:0'), tensor([ 3,  2, 10,  9,  8,  3,  4, 14, 11,  6, 16, 13, 14, 12, 13,  7, 11,  4,
         3, 11,  0, 11, 12, 10, 15, 15,  9,  4,  8, 10, 14,  5,  5, 15,  6,  7,
         6,  5,  8,  1,  5, 10,  7,  0,  7,  9,  5,  3, 11,  1, 13,  5, 16,  2,
         8,  2, 12,  1, 16, 16, 14,  2, 16,  5,  6,  0,  1, 16,  8,  4,  3,  2,
         2, 11, 13, 15,  0,  1,  3, 16, 12,  9,  0, 13,  6, 11,  9, 12,  1, 14,
        13, 14, 16,  7,  7,  3,  4, 10, 14,  3,  8,  0, 10, 10, 15,  6,  9, 15,
        10,  7, 12, 13,  4,  0,  1, 15, 13,  8,  1, 15,  4, 12,  6,  4, 14,  5,
         0,  2, 11,  6,  9,  7, 12,  2,  9,  8], device='cuda:0'), tensor([ 4,  0,  5,  6,  4,  6, 13,  5,  7, 16,  7,  8, 11,  0,  2, 12,  7, 16,
         6, 11,  4,  2,  2,  8, 13,  3,  8,  5, 15, 12,  7,  3,  4, 10, 11,  5,
        12,  2,  5,  5, 10, 14, 16,  0, 11,  1, 15,  1, 14,  2, 12, 13, 15,  2,
         1,  7,  7,  9, 11, 15,  1,  9, 12,  8, 10, 11, 16,  3, 16,  8, 13,  7,
         6, 15,  5, 11, 10,  5, 11, 13, 14,  9,  6,  4,  3,  6, 14,  4,  9,  9,
         9, 10,  0, 10, 15,  1, 16,  9, 12,  0, 10, 14,  1, 15,  4,  8,  2,  3,
        16,  1,  8,  4, 13,  3, 13,  7,  6,  1, 13,  6, 16,  9,  0,  8,  0, 14,
         0, 15, 10, 12, 14, 14, 12,  3,  3,  2], device='cuda:0'), tensor([16, 10,  3,  3, 11,  1,  0,  6,  9,  6, 12,  5,  6,  5, 12, 13,  8,  9,
         4, 11, 12,  4, 16, 14, 15, 11, 13, 10,  5,  9,  2, 13,  0,  5,  5, 14,
        16,  7, 13,  8,  7,  7, 10,  8, 14,  1,  0, 16,  1, 13,  6,  1, 10, 11,
        16, 12, 12, 16,  4, 14,  4,  4,  1,  1, 13,  0, 14,  8,  2,  2,  2, 10,
        10, 15, 13, 10,  9,  9,  7,  5, 14, 13, 11,  8,  7,  7,  3, 15, 12, 12,
         9, 15,  9,  0, 15,  9,  2, 14,  4,  0,  0,  0,  2, 10, 11,  6,  3, 11,
         8,  3,  8, 14,  7,  3,  4,  2, 15, 16, 15, 16,  6, 15,  6,  3,  1,  1,
         2,  6,  4,  7,  3, 11,  5,  5, 12,  8], device='cuda:0'), tensor([ 2, 12,  7,  3, 13, 12, 15,  2, 12, 14, 14,  2, 16,  6, 14, 12,  7, 15,
         2,  3, 10, 12,  3,  4, 11,  9,  7,  6,  8, 15, 16,  5, 12, 14, 11,  4,
         2,  7,  3,  1,  8, 15,  9,  6,  8,  9, 13,  2, 14,  6, 12,  4,  4,  4,
         5, 14,  6, 10,  8,  1,  1,  4,  0, 10,  9,  8,  0,  5, 10, 13,  4,  8,
        16,  1, 10,  4, 14, 13,  0,  3,  6,  1,  7, 16, 16,  5,  3, 10,  5, 13,
         7, 13,  1, 13, 15,  0, 11, 11,  7,  0,  5, 15,  0, 16,  8,  5, 11,  9,
         1,  0,  3,  7, 13,  1, 15, 12,  3, 10, 11, 10,  0,  9,  6,  8, 11,  2,
         5, 14, 16,  9,  6, 11,  9,  2, 16, 15], device='cuda:0'), tensor([13, 10,  6,  1, 15, 15,  8, 14, 12,  7,  9,  4,  1, 13,  9, 14,  5,  9,
         2, 10,  6, 16,  4,  4, 14, 14, 12, 13,  3,  4,  6, 11, 11,  6,  6, 13,
         4, 10, 14,  1, 10,  4,  1,  7,  7, 16,  8, 15, 16, 12, 12,  1,  7, 14,
        13,  7,  2,  1,  3,  3,  5, 15, 14,  2, 16, 13,  2,  4,  3,  5,  6,  8,
         1, 16,  7,  8,  5, 10, 11, 13,  7, 10,  4,  0,  1, 13,  3,  9,  0,  0,
         9,  8, 12,  6,  2, 12, 12, 12,  8, 14,  2, 16, 15,  0, 15, 16,  3, 11,
        11,  5,  9,  3,  6,  5,  8,  5, 16, 11,  8,  0,  9,  0, 11,  9,  5,  2,
         0,  7,  0,  3, 10, 15, 15, 11, 10,  2], device='cuda:0'), tensor([ 9, 15, 13,  1,  2, 13,  0,  5, 15,  7, 15,  3, 14,  1,  3,  5,  1, 16,
        16,  9,  5,  4,  2,  0, 12,  7, 15,  2,  1,  4, 15, 11,  9, 16,  6, 12,
         3,  1, 11,  0,  8, 14,  3,  1,  6,  7, 11,  4,  0,  0, 12,  3, 10, 14,
         5, 10, 14,  7, 13, 11,  3, 12, 14,  5, 16,  6, 11,  6, 13,  6,  8,  3,
         8, 10,  9, 15,  1, 15,  4,  7,  9,  5,  8, 12, 12, 14,  9, 10,  0, 13,
         8,  6,  8,  4, 10,  2,  5,  6,  7,  9, 13, 11,  6, 12, 11, 11, 16,  2,
         4,  9,  4,  5,  2, 14, 12,  7, 16,  2, 10, 16,  0, 16,  2, 15, 10, 13,
         8, 13,  7,  8,  3, 14,  0,  4,  1, 10], device='cuda:0'), tensor([10,  1,  2,  1,  3, 14,  7, 16,  3, 15,  6,  8, 12,  6,  8,  4, 15,  3,
         9,  9, 12,  5, 15, 11, 13, 11, 10,  4,  3,  9,  1,  4,  6,  8, 10,  7,
         5,  2,  5, 13, 15, 16,  2,  4, 12,  8, 16, 15, 14,  0,  2, 13,  9,  1,
        14, 16,  1,  0,  6, 10,  7,  7,  4,  8,  4,  5,  0, 12,  7,  8, 11,  3,
        11,  6, 16,  5,  8, 14, 11, 13, 11, 13, 16,  0,  0,  2, 11, 12,  7, 12,
         5, 13, 12, 10,  5, 11,  0,  8, 14,  2,  1,  9, 15,  9,  1,  4, 13,  9,
        10,  6,  0,  6, 16,  3, 16,  6,  3, 14,  5, 15,  3,  9, 10,  2, 12, 14,
        14,  1, 15,  4, 10,  7,  7,  2,  0, 13], device='cuda:0'), tensor([ 4,  7, 10, 12, 10,  9,  4,  9,  7, 11,  0,  9,  7,  6,  7,  3, 11,  9,
         0, 15,  0,  4,  2,  0, 10,  2,  2, 14, 13, 11,  8, 12, 13,  1,  5,  8,
        16, 15, 12, 13, 14, 11,  6,  5, 12,  8,  4,  0,  1, 11,  3,  5,  6,  9,
         1,  4, 16, 12, 12, 16,  5,  8, 14, 11,  5,  5,  9,  9,  6, 11,  2,  8,
         2, 10, 13,  1,  0, 15, 13, 15, 16, 16,  1,  3,  6, 10,  5,  5, 12,  4,
         7, 15, 15,  7, 10,  3,  1,  6, 10,  3, 14,  4,  8, 15,  8,  0,  2,  1,
        14,  3,  1,  4, 11,  6, 15,  8,  2, 14, 16, 14,  7,  2, 10, 16, 12,  9,
         3, 13,  7,  3, 13, 14, 13,  6, 16,  0], device='cuda:0'), tensor([ 7,  0, 12,  6,  1,  5, 11, 12, 15,  2, 11,  7, 16, 14,  8,  5,  8,  9,
         7, 13,  9,  6, 16,  2,  4, 12, 12,  6,  5,  7,  0,  1, 11, 13, 15, 11,
        13,  5,  9, 10,  8, 13, 14,  0,  3,  3,  0, 11, 10,  3, 10,  2,  8,  9,
         9,  4, 12,  0, 15,  9,  1,  3, 15,  5, 14, 14,  4,  0,  2,  9, 15, 16,
        11,  1,  3,  5,  3, 12,  6, 13,  1,  2,  0, 16,  5,  6, 14,  8, 13,  4,
         7, 10, 16,  3,  6, 10, 16, 11, 11,  2, 13, 15,  8, 10,  5,  1,  4, 10,
         7,  8, 14, 16, 15,  4,  6, 16, 14, 15,  2,  9,  2,  1,  6, 14,  1, 12,
         3,  4,  7,  7,  0, 13,  8, 10, 12,  4], device='cuda:0'), tensor([12, 16,  0,  9, 16,  5,  1,  1, 10, 14,  0,  4,  5, 12,  0,  6,  3,  5,
         2,  0, 11, 13, 15, 15, 14, 10, 12,  8,  3,  9, 13,  6,  0,  8,  2, 11,
        16,  3, 14, 10,  1, 16, 12, 10,  1, 14, 11, 11,  3, 11,  4,  9,  4,  4,
         4,  7,  5, 11, 12,  6, 12, 10,  9,  1, 14,  6, 10, 15, 15,  8,  8,  2,
        13,  3, 13, 11, 11,  6, 15, 13,  5,  3,  7,  1,  8, 10,  9,  7,  6, 14,
         4,  4,  0,  1,  7, 16,  6,  2, 16, 16,  0, 14, 13,  7,  5,  3,  1,  4,
        12,  5, 15,  9, 12,  8,  6, 14,  3,  8,  7, 15, 13,  8,  2,  2,  9,  7,
         5,  0, 13,  9,  2,  7, 15, 16, 10,  2], device='cuda:0'), tensor([ 6,  7, 11,  8, 10,  9,  9, 13,  4, 11, 15,  3,  7,  2,  8,  3,  8, 11,
         9, 13, 12,  3,  7,  2,  0,  1,  0,  8, 13, 14,  5,  4, 10,  0,  6,  2,
         9, 10, 14,  3,  1, 12, 11,  1,  7,  2,  4, 15,  3,  2,  9,  5,  5,  0,
         0,  2,  1, 13, 11,  7,  6, 14, 16,  8,  1, 16, 12, 11, 15,  6, 11, 16,
        13,  6,  5,  5, 13,  3,  5,  4, 15, 10, 15,  3, 12, 16,  4,  4, 10,  9,
         5, 14,  6,  7, 15, 10,  7,  0,  8, 12, 10, 12,  2,  0,  4,  3, 16, 14,
        16, 15, 11,  9, 16, 10, 12,  1,  7,  1, 12,  6,  9, 14,  6, 14,  0,  4,
         8, 14, 13,  2, 16,  1,  5, 15,  8, 13], device='cuda:0'), tensor([ 1,  1,  6,  5, 11, 16,  9,  6,  6,  1,  0,  2,  5,  6,  4, 10,  7,  2,
         2,  4,  3, 16, 14, 16,  0, 12, 13,  4,  1, 16,  1,  5,  8,  8,  8,  6,
        14,  2,  9, 11, 11,  8,  0, 12, 12,  3,  7, 13,  2,  3,  5,  9,  5,  5,
        12, 13,  0,  2, 15, 11, 16, 10,  9, 15, 13,  4, 12,  6,  9, 12, 10, 15,
         0,  0,  5, 13,  3, 15, 14, 11,  3, 11, 12,  7,  7,  4,  7,  8, 14,  6,
         9, 13, 15,  4,  3, 15,  0, 14,  3,  8, 10, 10,  0,  1, 15,  6, 12, 16,
        11,  7, 16,  1, 13,  2,  1,  5,  3,  9,  2, 10, 16,  7, 15,  8, 11, 10,
         4, 13,  9,  7, 14,  4, 10, 14, 14,  8], device='cuda:0'), tensor([12,  8, 12,  0,  7,  8, 12,  3, 10,  5,  3,  2,  8,  1,  1,  6,  4, 10,
        14, 11,  0,  6,  7, 14,  7, 11,  1,  2,  9,  5,  5,  4, 16,  1,  7,  3,
         9,  2,  6,  2,  8,  2,  4,  1, 10,  0,  0,  6,  4, 16,  3, 13,  5, 10,
        15,  0,  7,  9,  4, 14,  9,  1, 16, 14,  7, 12, 13,  0, 14,  1, 14, 12,
         4, 15,  5, 11, 15,  9,  7,  0, 11, 12,  2, 10,  3, 13,  8,  4, 10, 13,
         2, 15, 14,  6, 13, 12, 16,  8, 13, 15, 16, 14, 10,  9, 15,  6,  7,  5,
         9,  0,  6, 11, 10,  5,  8,  9, 12,  5, 15,  2,  3, 11, 16,  6,  4, 13,
        15,  1, 11,  3, 16, 13, 11, 16,  8,  3], device='cuda:0'), tensor([13,  9,  5,  6, 12,  3,  8, 11,  5, 10, 12, 16, 11, 12, 14, 13, 10,  0,
         7,  6, 13,  1,  9,  9, 16,  6,  5, 13,  0,  9, 13, 16, 15, 13,  1,  8,
        10, 16,  3, 10, 14,  4,  8,  7,  0,  0, 15,  3, 12,  3,  7,  0,  5, 15,
        11, 15, 12,  6,  1,  1,  3, 16,  4, 12,  0,  4, 15, 15, 15,  2,  7,  9,
         4, 14, 10,  9,  6, 14,  8,  7,  5,  2, 13, 16,  6,  1, 14,  4,  2, 10,
         8, 10,  8,  4,  1,  5,  4,  3, 11,  2,  2,  9, 12,  3,  6, 15,  8, 11,
        16,  2, 14,  2,  1, 10, 13,  7,  8,  3, 11,  4,  5,  1,  9, 16,  0,  5,
        11, 11,  6, 14, 12,  7,  0,  2,  7, 14], device='cuda:0'), tensor([ 4, 15, 10, 11,  6, 14, 10,  2,  4,  2,  6, 12, 14, 12,  9, 10,  1,  0,
         0,  2, 12, 11, 13,  6,  3, 10,  1, 13,  0, 14,  5, 14,  6,  6,  5, 15,
         8,  0,  2,  1, 16, 16,  2, 12, 15, 12,  4,  4,  5,  9,  6, 16,  7,  0,
         1,  5,  9,  5, 14,  8, 12, 16,  8,  1, 15, 13,  8,  4,  0,  0,  9,  8,
        15, 13, 11,  3,  1,  9,  8, 14, 11,  4,  1, 13,  4, 16,  7,  7, 13,  8,
         3,  7,  5,  9,  5, 11,  3,  0,  8, 10, 15, 10, 15, 10, 12,  2, 16, 13,
         6,  7, 14,  3,  6, 11, 10, 14,  3, 11,  9,  2,  5, 16,  3,  7,  7, 12,
         9,  1, 11,  2,  3, 13, 16,  7, 15,  4], device='cuda:0'), tensor([ 3,  4, 15,  4, 11, 12,  3,  9,  6,  4,  4,  1, 16, 13, 14,  6,  3,  8,
        15,  7, 10, 14,  1, 15,  1,  3, 12, 16, 16, 13, 11,  4,  0,  9,  5,  0,
         6,  7,  3, 14, 15, 11, 10,  9, 11,  2,  9, 15, 10,  1,  0,  3, 11,  3,
        12,  3,  6,  1,  4,  9,  8,  8,  5,  8, 14,  4, 14,  6,  2, 12,  5,  2,
        11,  6, 15, 11, 10, 10,  8, 16,  8,  7,  5, 16, 16, 10,  4,  7,  1, 13,
         0, 14,  5,  0,  0,  0,  2,  5,  9, 13, 15,  7,  2, 10, 13, 13, 16,  1,
        11,  0,  1, 12, 12, 14,  2, 16,  6,  5,  7, 10, 12, 13,  8,  9,  2, 14,
        12,  7,  5, 13, 15,  7,  8,  6,  2,  9], device='cuda:0'), tensor([ 1,  4,  0, 12,  0, 12, 11,  5,  6,  0,  2, 11, 15,  5,  0,  6,  4,  2,
         3,  5,  4,  5, 14, 10, 10,  9, 13,  2,  8,  1,  3,  5, 14,  4,  3, 12,
         1,  8, 14, 14,  2,  7, 10,  6,  7, 13,  7, 14,  4, 12, 13, 11,  8, 13,
        13, 16, 13,  0,  1, 16, 13,  6,  5,  0,  6,  3,  5,  1, 16,  9,  6, 10,
         5, 15, 12,  8,  2, 16,  7,  2,  6, 13,  4, 16,  3, 11, 12, 16, 12,  7,
         9, 12,  4, 15, 10, 14, 14,  0,  8, 16, 11,  3, 14, 10, 16,  9,  9,  0,
        10,  1, 10,  2,  7,  7, 15,  1,  7,  6,  2,  9,  9,  4,  8,  1, 15,  8,
         3,  8, 15, 11, 11, 15, 11, 15,  9,  3], device='cuda:0'), tensor([14,  2, 11, 13, 12,  3,  5,  7, 15,  5,  6, 13, 11,  5, 11,  4,  6,  9,
        12, 16,  1,  2,  1,  5, 14,  2, 13,  0,  2, 10, 16, 10,  6,  9, 11, 14,
         5,  4,  0, 10,  8, 10,  4,  8,  0,  3,  7, 15,  9, 15,  1,  0,  1, 16,
        13,  9,  0,  6,  2,  2, 11,  8, 13, 12,  7,  0, 13, 16,  3, 14,  3, 13,
         6,  4, 15,  4,  7, 15,  8, 12, 10,  1, 10,  3,  1, 14,  3, 12, 10, 11,
         2, 12,  7, 16,  2,  5,  9,  0,  6, 10, 14,  8, 15,  3, 16,  9, 13,  5,
         4,  6,  0, 14, 12,  4,  5, 14,  9,  8, 11,  9,  4,  7,  1, 15,  8,  8,
         3, 11,  1, 16,  7,  7, 12, 16, 15,  6], device='cuda:0'), tensor([ 7,  3, 12,  9,  3,  3,  3, 12,  1,  6, 13,  8, 12,  5,  0, 13, 14,  4,
        15, 14, 16, 15,  9,  0, 10, 10,  0, 13,  6,  2,  3,  7,  3,  2,  0,  9,
         1, 10,  4,  6, 12,  6,  5, 16,  2, 11,  6,  1, 14,  5,  5,  9,  9,  8,
         5, 13,  4, 16, 15, 13,  2, 13, 15,  7,  9, 16,  6, 10, 10,  0,  1, 16,
         1, 12,  7, 15, 16,  4,  1,  8,  1, 11,  4, 10, 11,  8, 15, 11,  4,  2,
        13, 11, 10, 14, 11,  8,  7,  3,  8,  5, 12,  1,  3,  7, 15,  9, 14, 13,
         5,  8,  8,  5, 10, 14,  0, 11,  4, 15, 14, 16,  7,  2, 14,  9, 16, 12,
         0, 11, 12,  0,  6,  6,  2,  2,  4,  7], device='cuda:0'), tensor([ 1, 11,  6,  2, 16, 10, 14,  8,  0, 14,  1,  7, 13, 11,  1, 15, 10,  2,
        14,  4,  3, 12,  9,  7,  8,  4,  8, 16, 16,  3,  0, 14,  5,  7,  9,  9,
        11,  2, 14,  8,  8, 10,  4,  1,  0,  6,  9, 11,  7,  2, 15,  0,  5,  0,
         0, 13,  5,  3,  5, 16,  9,  2,  6,  7,  1,  5, 14, 12, 13,  0,  2,  7,
         6,  1,  8,  6, 16, 10, 15, 14, 10, 15,  7, 15, 16,  2,  3, 13,  8, 10,
         3, 11,  3,  5,  4,  9, 11, 11,  9,  3,  2, 15, 13, 12, 14, 12,  4, 10,
        15,  9,  4, 13, 16, 13, 12, 16,  5,  7, 11,  1,  4,  0,  5,  8, 12, 15,
        12,  6, 10, 13,  6,  3, 12,  4,  1,  6], device='cuda:0'), tensor([ 5,  8,  0, 15, 15,  6, 16, 12, 13,  2,  5,  5, 12, 10,  7,  0,  7,  8,
        10, 11,  6, 13, 11,  3,  3, 14,  1,  2,  5,  8,  8, 11, 15,  0, 15,  9,
        15,  7, 16, 14,  6, 10, 15,  5, 16,  3,  9, 13,  1,  7,  8,  0,  1,  5,
         7,  7, 13,  1,  1, 10,  4, 16,  0, 13,  8,  4,  0,  3,  5,  9, 15,  8,
        14,  2, 14, 13,  2,  7, 12,  6, 12,  9,  9,  9, 11, 15, 16, 14, 10,  3,
         2, 11,  4,  5, 16, 12,  9,  6,  4, 16,  1,  2,  0,  1, 14,  4, 10,  2,
        12,  4,  3,  6,  8, 11,  3, 13, 16, 14,  9,  6, 12, 12,  3,  7, 14, 11,
         1,  6, 10,  2,  0, 11, 10,  4, 13,  4], device='cuda:0'), tensor([15,  0, 12, 14,  2,  6, 16, 15,  3,  1, 13, 16,  4, 12,  5,  5,  9,  6,
         0,  0,  1, 10,  2, 14,  6,  9,  9, 11,  8,  1, 14,  4, 15,  8, 15,  5,
        14,  7,  1, 14,  9, 16,  9,  9, 15,  8,  4, 10,  6, 16,  2, 13,  7,  6,
        14, 12,  5,  2, 12,  1,  7, 15, 11,  0,  8, 12, 13,  7,  7,  0,  2, 15,
         8, 14,  0,  4,  3,  2,  5, 11, 11, 13, 11,  0, 12,  6,  7,  3,  1,  5,
         4, 16, 10,  7, 15,  9,  9, 10,  7,  4,  8, 10, 12,  2,  2,  3,  8,  1,
        12,  3, 14, 16,  4, 13, 11, 13,  0, 11, 13, 13, 10,  1,  3, 10,  5,  6,
         4,  6,  3, 10, 16, 16, 11,  8,  3,  5], device='cuda:0'), tensor([ 5,  6, 15, 12, 13,  1,  7,  0, 13,  7,  6, 11, 15, 15, 11,  5,  0,  6,
         2, 14, 15,  8, 13,  9,  9,  9, 16, 12,  5, 11,  9,  3,  9, 13, 14, 10,
        13, 10, 12, 14,  5, 13,  8, 14,  6, 16, 15, 11,  2,  9,  8, 12, 14,  6,
        14, 12,  4,  8,  0, 16, 10,  3, 10,  1,  4,  1,  3,  1, 15,  8, 12, 11,
        13,  0,  0,  7, 16, 11,  4, 14,  4,  8, 13,  4,  4, 15,  7,  1,  5,  0,
         5,  2,  1, 10,  0, 16, 10,  8,  9, 12, 11,  2,  6,  6, 16,  4,  9,  2,
         3,  6,  4,  2,  1,  0,  3, 16,  7,  2, 15, 10, 10,  3,  2,  3, 14,  3,
         7, 12,  5, 16,  5,  7,  7,  8, 11,  1], device='cuda:0'), tensor([12,  1,  3,  0,  7,  0,  5,  7,  3, 16, 12, 14, 13, 11, 15,  6,  8, 12,
         9,  8,  6,  7,  3, 14,  6, 11,  0, 10, 15, 10,  1, 13,  1,  0,  5,  7,
         2,  4,  8,  7, 13, 11, 10, 13, 16, 14,  3,  5,  2,  6, 10,  0,  6,  8,
         9, 14,  5,  4, 16,  9,  3,  4,  6, 15,  3, 11, 11,  8, 12,  2, 14,  3,
        16, 10,  1, 15,  5, 16, 16, 10, 14, 12, 16, 11,  5, 12, 14,  2,  9,  0,
        12,  2, 12, 15,  9,  8, 13,  1, 15,  6, 11, 15,  8, 15, 16,  4, 13, 10,
         7,  4,  1,  9, 10, 13, 13,  4,  2,  9,  0,  9,  8,  2,  3,  4, 11,  7,
         5,  5,  6,  4,  2,  0,  7, 14,  1,  1], device='cuda:0'), tensor([14, 16, 11, 14,  1,  2, 14, 12,  2, 16,  9,  6,  7,  4,  0, 10,  7, 15,
         6, 16, 15,  1,  2,  5,  8, 15,  5, 13,  1,  8,  5, 13,  2,  1,  8,  9,
         3, 12, 12, 16,  3, 14, 15, 10,  6, 12,  0,  3,  5,  4,  4,  0,  9, 14,
        11,  7,  4, 13, 16, 14,  3,  7,  8, 11, 13,  0,  9,  1, 14, 13,  5,  3,
        12,  6,  7, 11,  9,  3, 10, 10, 12, 10,  4,  3,  7, 11, 10,  6,  4,  9,
         6,  8,  2,  7, 11,  5, 16, 11,  4, 14, 15,  6,  9, 11,  4, 12,  1,  0,
        16, 10, 15,  5,  8,  9,  0, 13,  8,  1, 10,  8,  0, 15, 16,  2, 13,  2,
        15,  0,  1,  5,  7,  6, 12, 13,  2,  3], device='cuda:0'), tensor([13,  8,  5, 15, 15,  1,  9, 12,  7, 13,  4,  5, 11, 12, 15,  0,  0,  2,
        14, 13,  4, 11, 13,  6,  8, 12,  5, 14,  7,  8, 10,  1,  1, 12,  1, 13,
         3,  7,  6, 16,  0,  7,  3,  6,  1,  0,  2, 11, 15,  9,  8, 12, 10,  9,
        12,  7, 14,  7,  1, 13,  8, 10,  2,  1,  4, 16,  0,  8, 14,  3, 10,  6,
        15,  2,  3, 16, 10, 11,  4, 14,  4, 16,  9,  6,  9, 11,  5,  7, 15, 15,
         3, 15,  4, 16, 10,  6,  2,  6, 13,  9, 10,  3, 13,  6,  2,  4, 11,  2,
        11,  5,  1, 16, 12,  5,  5, 10, 16,  0,  2,  3,  3,  7,  0, 14,  4, 11,
         0,  9, 14,  9,  8,  8,  5, 12, 14, 16], device='cuda:0'), tensor([ 2,  1,  1,  6,  5, 16, 11, 13,  6,  1,  1, 15,  6,  2, 10,  7, 10,  9,
         4, 13,  3,  4,  4, 13, 15, 13,  4,  8, 13,  0,  6, 10, 14, 14, 16, 15,
         6, 12,  9,  0, 16,  3,  0, 12,  2,  9,  4, 10,  3, 11,  2,  3,  8, 12,
        12,  7,  9, 14,  0,  3,  9,  1, 15,  0,  7, 15,  8, 10,  8,  7, 16, 16,
        12, 13,  2, 11, 14, 15, 14,  9,  0,  3,  5,  2,  1, 12, 11, 15, 11,  8,
         8, 14,  1,  5,  5, 16, 16,  7, 10,  0, 11,  3, 16, 12,  9,  7,  1,  5,
         9,  4,  2, 10,  4,  6,  6,  5,  8,  7, 15,  8, 13,  5,  3,  6,  0, 10,
        11,  2, 11,  7, 13,  4, 12,  5, 14, 14], device='cuda:0'), tensor([ 4, 12, 13, 12, 15,  7,  2, 11, 14, 13,  0,  8, 10, 15,  8, 14,  5,  0,
         8,  0,  5,  2,  9,  7,  6,  5,  7, 14,  5, 10, 10, 11,  1,  5, 12,  4,
        13, 11,  6,  5, 16,  7,  8,  1,  5,  1, 16,  3,  6,  0,  4, 16, 14,  1,
         4,  7, 16, 12,  1,  6, 11, 14, 16,  8,  1, 15,  4, 11,  4, 13, 12,  2,
        10,  9,  9, 15,  7,  8,  0,  3,  9, 10,  1, 16,  2,  6, 12,  3,  3, 14,
         9,  6,  1,  3, 13, 10, 11,  9, 15, 15,  0,  9, 11, 14,  4,  3, 13,  2,
         2, 11,  6,  0,  6,  5, 13, 16,  7, 15,  3,  3,  2, 15, 16, 10,  2, 10,
        13,  9,  8,  7,  8,  0, 12,  4, 14, 12], device='cuda:0'), tensor([13,  1,  9, 12,  1,  9,  0,  7,  3, 16,  9,  5, 10, 10, 14,  8,  8, 14,
        10, 16,  6,  1,  1, 11,  0,  3,  6,  3,  4,  7, 13,  2, 10,  3, 10, 14,
        13,  9, 11,  9,  7,  2,  0,  6,  4,  2, 13,  2, 15,  0,  8,  9,  5, 16,
         5,  8,  2, 14,  8, 10, 11, 16, 11, 12, 10,  9, 15, 14,  4,  1,  0, 12,
         4,  4,  7, 16,  5, 16,  2, 11,  5, 13,  7,  6, 12,  1, 12,  7,  0,  7,
         5,  1, 15, 15, 16,  0, 13,  8, 12,  5,  6, 15,  3,  1, 14,  3,  7,  5,
         0,  2,  3,  8,  8, 12, 15, 15,  4, 13,  4, 16,  6,  6,  4, 10,  3, 11,
        15, 11, 11, 13, 14, 14,  6,  9,  2, 12], device='cuda:0'), tensor([16,  3,  6, 12,  2,  9,  1,  7, 11, 12,  8, 10,  2,  9,  3,  6,  0,  7,
         4, 12,  4, 12, 14,  2, 10, 10, 16, 13,  5, 16,  3,  9,  7,  1,  8,  9,
         4, 11, 12,  9,  1,  0,  4, 15,  0,  2, 14,  8,  7, 10,  8,  2,  9,  1,
        13, 16, 15, 14,  9, 13, 15, 12,  5,  3, 16,  3, 10, 14,  1, 15, 11, 14,
        10,  6, 15, 14,  0,  5, 11, 14, 15,  0,  6, 16,  5,  4,  5,  5,  4, 11,
         6,  7,  0,  2, 15,  4, 13,  8,  7,  7, 12, 16,  7,  8,  1,  6,  0,  6,
         0, 10, 16, 13, 14,  1,  5, 15,  9, 12,  4, 11,  1, 10, 13,  2, 13,  2,
         3,  8, 11, 13,  3,  6,  3,  5, 11,  8], device='cuda:0'), tensor([ 9,  1,  9, 13, 14,  1, 15, 10, 16, 12,  1, 11, 13,  3, 13,  7, 14,  7,
         9, 11, 16, 15,  0,  9, 10,  9,  2,  5,  6, 14, 15,  2,  5, 10,  6, 10,
        10, 15, 13,  9, 11,  7,  0, 11,  8,  2, 13, 12,  1,  8,  7,  3, 16, 14,
         2, 16,  1,  0, 13,  6,  3, 16, 15,  8,  7,  5,  1,  1, 11, 11,  0,  5,
         6,  0, 15,  3, 14,  8,  4,  6,  3,  3, 10,  2,  0,  4,  6, 13,  9,  2,
        10,  1, 12,  8,  5,  0,  6,  9,  3, 12,  5, 16,  4,  4, 15, 14, 14, 15,
         8,  4,  7,  2,  2, 13, 16,  4,  4, 16,  6, 12, 10, 11,  3,  8,  0, 11,
         8,  5,  7,  4, 12, 14, 12,  7, 12,  5], device='cuda:0'), tensor([ 4,  9, 12, 11, 13,  0,  5,  3,  8,  2,  6, 15,  4,  5,  9, 15, 15,  4,
         8,  4,  1, 13,  3, 10, 13,  2,  0, 12,  6,  0,  5, 16,  6, 14, 12, 16,
         8,  7,  5,  4,  9,  1,  7, 12,  3, 16,  5,  7,  6, 16, 10, 11,  3, 12,
        12, 12,  7,  7,  9,  8,  0, 11,  5,  6,  9, 10,  2, 13, 10, 13, 10,  2,
         2,  8,  3,  8,  0, 11,  1,  6, 15,  8,  2, 10, 11,  7,  8, 15, 14, 14,
         3,  1, 16,  9, 13,  4, 13, 11, 15, 14,  9,  4,  0,  7, 13, 11, 10, 14,
         4,  0,  9, 16,  0,  6,  6,  1,  7,  3,  1, 11, 16, 14,  2, 12,  1, 14,
         3, 15, 16,  2,  5,  5, 10, 14, 15,  1], device='cuda:0')]
